17
7 5038
21 8173
98 6635
166 7916
231 9667
234 8037
255 5949
317 7161
325 3858
367 7386
383 7599
435 5715
459 3400
591 317
603 2822
623 1249
703 5335
19
12 -68 297 8273
122 0 -62 8924
124 -255 62541 -3825655
191 2 -644 57093
195 -185 71810 -6963805
264 0 -71 23487
292 0 47 -6239
338 -2 1323 -213969
389 -1 668 -104372
401 -6 4722 -924031
510 0 -27 15784
511 15 -15303 3909666
541 0 -131 74188
562 -10 11158 -3103502
581 -24 27108 -7647835
597 -12 13920 -4029743
642 1 -1257 400899
687 -3 3855 -1231746
703 -14 19214 -6585411
