17
57 984
63 7414
136 3553
265 167
305 799
324 3745
346 8137
396 2571
435 9465
480 6539
481 2283
544 3233
597 3365
704 4958
718 3595
726 7598
732 6019
31
6 72 -990 8209
64 0 125 1761
71 -46 6305 -214702
88 1 -176 13268
128 0 -52 7049
161 -7 1829 -110265
224 -1 421 -39053
234 -90 40582 -4565918
235 176 -82728 9730244
240 83 -39536 4710015
263 -5 2531 -314257
275 31 -17054 2346501
287 0 -686 198393
288 -56 32155 -4614259
294 17 -9805 1418649
340 0 -73 24913
401 1 -773 156686
404 16 -12941 2623968
422 -5 4143 -856338
427 -43 36433 -7713351
466 -1 910 -200574
500 8 -7476 1747159
535 0 262 -130363
544 -23 25052 -6812673
547 1 -1089 304299
563 7 -7831 2196116
587 -3 3409 -967079
610 -4 4789 -1428904
629 -20 25015 -7816572
673 2 -2523 797449
732 0 15 -8771
