36
41 701
42 5067
45 9496
49 9645
101 5105
109 2506
123 6071
149 2854
170 8693
172 7969
175 2490
190 3288
204 1556
215 7664
313 7075
315 6381
333 8988
380 4910
406 9863
414 4930
420 9977
422 5434
483 843
489 7854
510 9153
539 4102
561 8711
611 3200
618 5743
637 3550
649 8528
650 7480
708 2784
757 9689
768 7557
776 9833
27
60 -2 212 709
95 5 -763 33691
166 0 131 -12266
168 202 -67139 5584858
188 -3 1042 -89822
199 19 -7455 732506
224 -10 4288 -456841
227 -156 69860 -7816661
245 16 -7584 903685
286 4 -2194 307306
298 53 -31260 4612852
394 1 -691 122490
439 0 -22 15098
448 34 -30168 6700677
475 2 -1829 426545
499 -10 9985 -2482676
504 -11 11021 -2758711
545 -2 2159 -576540
576 4 -4401 1216331
627 0 -190 119430
636 4 -5019 1577333
655 15 -19580 6394091
659 5 -6542 2147987
681 -10 13179 -4335387
746 2 -2862 1025014
771 -11 16445 -6139485
776 4 -6203 2407181
