44
2 7158
11 2416
14 6017
16 6743
27 7311
33 5405
45 5272
48 2286
55 7977
62 8746
80 438
91 21
113 7600
125 8449
133 5547
141 2282
145 2243
152 3274
158 6716
162 8986
171 8209
189 5113
192 2204
208 1806
215 4124
223 9422
245 2339
248 8228
252 205
268 6998
274 448
288 7585
301 1021
308 1030
310 3084
314 8830
319 4878
324 8929
334 322
350 4611
353 9422
364 773
366 2690
392 5873
17
14 -23 81 8710
63 3 -161 5422
66 -317 39701 -1233122
115 -1 137 4411
116 -477 110158 -6350726
125 46 -11505 722178
127 -361 91039 -5733813
133 140 -35986 2315796
226 1 -438 48243
263 4 -1988 250930
277 39 -21300 2913547
293 27 -15180 2136534
321 7 -4273 654988
335 7 -4540 742685
365 -1 703 -120597
376 45 -33614 6280434
392 5 -3760 714234
