209
61 2815
110 6877
150 6647
187 2359
199 9331
424 1610
459 6641
493 9059
541 4388
570 475
573 9274
579 2306
665 7955
697 1764
714 8730
721 3935
734 9002
735 5924
778 1783
789 6125
798 3551
819 8943
839 1459
882 6379
898 1164
1022 651
1071 3126
1075 8747
1170 1314
1268 7850
1281 5261
1284 9036
1294 3808
1299 5262
1327 216
1384 56
1416 2146
1440 9920
1455 1213
1499 2479
1513 9762
1537 1756
1561 2447
1627 4322
1632 6204
1698 4244
1738 1453
1753 4703
1822 209
1892 1644
1907 6137
1965 7392
1981 6632
1986 3230
2135 1539
2153 2702
2175 8649
2213 7210
2265 74
2280 5887
2284 1731
2301 7285
2327 7509
2368 7368
2407 4185
2468 1711
2555 7356
2556 3208
2717 7348
2733 4939
2770 3012
2817 6833
2839 3518
2867 7390
2873 3858
2901 5189
2915 1325
2917 8939
2920 4777
2983 8852
3010 1428
3021 7472
3050 880
3054 8421
3063 7883
3116 5229
3178 2190
3182 8909
3216 1723
3257 2894
3262 5214
3294 9564
3360 2716
3388 1455
3401 5891
3427 341
3451 1907
3466 7123
3508 8848
3540 5364
3589 2403
3608 7709
3611 1417
3624 2448
3679 7825
3695 8567
3704 6236
3716 3496
3758 2826
3766 460
3804 9888
3806 8375
3889 9301
3938 5250
3939 3968
3985 7747
4064 3279
4087 9968
4107 4832
4137 5284
4218 7756
4228 2525
4234 6719
4251 2824
4312 2762
4351 5433
4389 6196
4431 8709
4511 8215
4563 5579
4571 2987
4638 5370
4683 3101
4693 4269
4695 6287
4709 7669
4730 593
4741 9117
4748 1149
4770 813
4834 9155
4839 5269
4953 3649
4979 6266
4991 3010
5008 4407
5021 6104
5128 5396
5148 6093
5173 7528
5179 1142
5195 4692
5231 7717
5291 6291
5294 1986
5352 6114
5377 3902
5435 6271
5447 208
5451 5225
5482 61
5487 7583
5512 1171
5527 7982
5581 8240
5596 2431
5622 18
5671 8656
5681 8801
5699 1861
5820 525
5865 3052
5880 1038
5896 2590
5900 9922
5931 5326
5938 4765
5963 9486
5999 5167
6008 7195
6036 8955
6140 2326
6163 3612
6180 2796
6252 9250
6264 9349
6408 5103
6421 54
6446 6716
6473 7433
6624 1587
6664 5322
6743 4851
6775 8777
6835 6916
6889 4871
6913 7004
6968 1650
6987 4037
7000 9624
7090 2684
7094 8833
7116 7855
7129 2114
7210 9323
7225 3517
7237 2383
7245 1565
7288 4127
268
47 -1 96 2947
55 -118 12158 -307672
88 -2 274 -1200
126 5 -875 40422
199 1 -245 17074
232 -3 1227 -119481
249 10 -4981 620781
270 -20 10252 -1309001
289 12 -6820 970499
304 43 -25017 3639322
437 0 -53 23796
442 -47 41452 -9131541
469 9 -8118 1832044
476 32 -30091 7077428
513 4 -4094 1050941
521 -36 37204 -9611358
579 -1 1094 -296690
604 8 -9294 2702813
620 1 -1230 382367
629 -21 26143 -8127760
698 -2 2677 -891912
704 3 -4219 1490406
737 0 -35 33802
768 -1 1512 -569735
778 -1 1554 -602783
799 -9 14184 -5587298
815 -1 1609 -646319
831 -2 3308 -1359175
833 0 -4677 3896277
843 5 -8333 3472456
878 -8 13688 -5847434
926 3 -5286 2331137
928 -6 11112 -5137425
935 -7 13032 -6061633
994 -1 1946 -941427
1013 6 -12069 6078154
1024 -3 6100 -3096390
1058 0 -24 30951
1088 1 -2148 1158889
1123 -1 2236 -1243019
1149 -3 6775 -3821356
1160 6 -13832 7972012
1161 2 -4637 2694445
1163 1 -2325 1353686
1208 -3 7126 -4222450
1252 1 -2475 1537318
1347 0 -55 78347
1355 2 -5417 3671851
1358 -4 10861 -7369712
1377 4 -10988 7554320
1380 2 -5518 3809527
1400 3 -8360 5826034
1442 2 -5744 4127881
1511 1 -2938 2158968
1544 1 -3060 2342175
1593 3 -9382 7336775
1648 -2 6570 -5389425
1663 3 -9977 8301023
1757 1 -3474 3020136
1807 0 -29 56547
1808 2 -7228 6539104
1812 -3 10873 -9845570
1816 0 -1225 2229072
1899 1 -3699 3421534
1956 0 45 -79709
1979 -1 3947 -3888070
2032 2 -8148 8301480
2037 -2 8134 -8264397
2107 1 -4182 4372910
2115 1 -4213 4439970
2136 -1 4236 -4481170
2139 -2 8553 -9135552
2198 2 -8719 9506197
2227 2 -8875 9848567
2283 -1 4546 -5157426
2362 0 -125 295272
2403 0 -169 408334
2452 0 -47 121937
2518 0 -116 292315
2537 -1 5060 -6392188
2564 -1 5093 -6476384
2599 1 -5132 6585847
2651 1 -5298 7019688
2660 -1 5304 -7024324
2685 -1 5333 -7101609
2734 0 76 -199519
2790 -1 5552 -7696491
2796 0 -1005 2810134
2883 -1 5714 -8153896
2981 0 -86 256892
3038 1 -6041 9127814
3050 0 -70 220253
3056 1 -6114 9354702
3071 1 -6143 9435654
3101 0 -183 569542
3111 1 -6221 9675962
3145 0 82 -249421
3167 0 356 -1119617
3183 0 -43 143303
3226 0 -145 467981
3229 0 1410 -4545750
3276 0 93 -299746
3282 0 996 -3262465
3284 0 1158 -3794853
3291 0 498 -1629355
3300 0 -522 1727245
3350 0 -37 131180
3366 0 -457 1539389
3406 0 142 -474667
3410 0 123 -409615
3438 0 -247 851796
3464 0 -377 1305934
3466 0 -2856 9902815
3496 0 204 -705470
3510 0 594 -2075514
3577 0 22 -72680
3586 0 655 -2342312
3588 0 -2464 8842681
3591 0 281 -1000149
3623 0 -268 972015
3639 0 -379 1382472
3653 0 -36 134781
3699 0 -75 278991
3732 0 127 -466568
3764 0 -281 1058201
3768 0 -1872 7053797
3772 0 1125 -4233855
3775 0 2080 -7842599
3789 0 -499 1892390
3860 0 -2 12978
3884 0 -115 449930
3902 0 -95 377667
3933 0 293 -1143046
3971 0 -85 339605
4024 0 -143 577154
4032 0 945 -3801222
4036 0 85 -339325
4049 0 216 -870358
4065 0 -205 834215
4090 0 328 -1333020
4091 0 1595 -6518773
4097 0 1462 -5980473
4119 0 334 -1367833
4132 0 75 -308686
4146 0 57 -228658
4279 0 -32 138621
4297 0 -225 969502
4307 0 -221 957319
4325 0 -197 854535
4342 0 -436 1893749
4374 0 -125 549997
4385 0 591 -2584954
4419 0 -122 540436
4482 0 103 -452410
4508 0 55 -245665
4526 0 266 -1194427
4545 0 224 -1009952
4575 0 25 -108710
4593 0 -445 2045662
4594 0 -1784 8198847
4620 0 -95 440589
4672 0 170 -785254
4717 0 0 7196
4738 0 -342 1622687
4774 0 22 -99957
4790 0 -292 1401578
4879 0 56 -266951
4910 0 -200 985110
4947 0 -224 1109723
4951 0 1518 -7506036
4962 0 711 -3518716
4975 0 -50 257852
5014 0 181 -898203
5097 0 -103 526157
5101 0 1413 -7198269
5158 0 46 -234322
5180 0 -270 1399527
5188 0 -1173 6085740
5195 0 1033 -5358395
5217 0 -229 1195999
5219 0 -1343 7009715
5244 0 -138 726932
5329 0 21 -103603
5347 0 82 -429087
5353 0 1600 -8554894
5372 0 510 -2730017
5396 0 -46 252943
5421 0 250 -1345990
5435 0 -135 741254
5448 0 -513 2795022
5495 0 -31 177533
5517 0 -421 2323287
5527 0 -805 4449705
5528 0 1379 -7619647
5545 0 -73 412457
5559 0 -452 2513388
5571 0 -417 2324572
5590 0 354 -1969501
5594 0 -827 4631695
5631 0 206 -1150658
5641 0 -440 2483444
5685 0 -98 558203
5688 0 -1463 8323205
5729 0 213 -1210351
5822 0 20 -112591
5825 0 -371 2167935
5843 0 -394 2302992
5871 0 -330 1938022
5877 0 -406 2388159
5886 0 873 -5129675
5905 0 -281 1662622
5947 0 127 -748822
5962 0 -402 2397817
6010 0 3 -15152
6024 0 -570 3434027
6026 0 1600 -9632214
6055 0 -317 1920014
6063 0 -817 4956798
6077 0 -586 3562666
6107 0 -234 1429841
6110 0 844 -5148023
6120 0 -87 539560
6130 0 36 -210890
6172 0 169 -1034304
6234 0 97 -596597
6244 0 -313 1955054
6290 0 190 -1185504
6291 0 -978 6155519
6305 0 -546 3442911
6314 0 613 -3861998
6317 0 -105 668377
6340 0 -13 86165
6358 0 547 -3467857
6364 0 1237 -7863835
6402 0 3 -15792
6404 0 1514 -9689449
6431 0 -28 184782
6451 0 -301 1943545
6513 0 -108 704804
6524 0 862 -5613983
6547 0 389 -2537671
6554 0 -536 3519127
6590 0 150 -982808
6615 0 241 -1586489
6643 0 -196 1305735
6662 0 253 -1676285
6673 0 -435 2905650
6677 0 -288 1926391
6694 0 -67 448619
6709 0 285 -1902923
6742 0 279 -1871786
6752 0 -291 1965503
6780 0 -150 1021732
6805 0 -5 40212
6843 0 -196 1343214
6924 0 -23 166185
6946 0 -257 1789153
6968 0 104 -716557
6981 0 299 -2077501
6984 0 -995 6949800
7000 0 -539 3773018
7003 0 751 -5250051
7009 0 1221 -8550473
7018 0 -44 309727
7023 0 -1290 9061745
7066 0 0 3948
7116 0 64 -450064
7288 0 -12 88502
