366
6 2512
11 3567
19 6522
29 9693
41 2168
49 853
51 5032
57 4789
60 1146
62 495
68 5525
75 9855
78 856
94 5619
109 354
115 1980
117 9349
147 7094
150 2289
153 7751
160 8234
171 2284
172 4386
190 4730
216 2354
217 6552
224 1207
232 9467
245 26
249 1355
251 6641
252 9825
259 7970
263 1328
273 9477
274 6479
286 1002
292 3580
296 9356
301 7226
321 7860
332 130
357 6159
368 5195
390 654
392 8183
393 7663
397 1015
401 306
407 3721
409 8308
413 7006
416 659
430 208
435 7348
447 7419
451 1402
462 6810
467 7514
469 4314
470 4879
474 7599
482 3623
498 432
514 9870
524 441
531 7139
539 1517
541 2346
543 3753
547 7213
552 3140
554 5691
567 4326
571 2614
579 3377
583 6587
593 4955
601 5518
603 3069
623 8299
631 2868
633 1403
647 6815
655 33
658 710
663 8905
680 8100
687 1650
694 7244
697 9217
703 8544
705 6485
725 2855
727 9707
729 3584
733 9756
743 7702
745 6496
762 1853
769 1037
786 7672
794 6739
819 1790
835 5973
838 316
840 1954
868 1528
875 8463
879 7577
886 5183
896 3783
899 1257
924 4881
929 6040
936 9521
941 2256
955 9440
962 4077
966 3132
971 9734
977 5770
988 4166
989 2080
993 8144
1005 5438
1011 816
1019 7819
1024 156
1026 5263
1043 315
1044 608
1054 7828
1057 2521
1077 5493
1085 3193
1097 160
1099 263
1114 5327
1141 9046
1143 9166
1160 9074
1174 1165
1190 3778
1199 2670
1202 4573
1212 5753
1223 6192
1232 4152
1234 7669
1237 388
1245 5516
1260 3496
1262 5887
1264 1419
1265 2465
1267 3272
1270 6004
1281 6887
1284 3828
1287 4631
1305 8654
1307 9357
1315 7676
1320 6511
1325 7664
1326 2249
1328 4472
1339 4189
1348 39
1352 7378
1355 8841
1359 1089
1367 5092
1375 9661
1378 1598
1391 4872
1404 1500
1406 1913
1419 4098
1422 9749
1432 6723
1440 1094
1443 8757
1476 8475
1478 5515
1487 8748
1492 6477
1494 2708
1501 5730
1515 6634
1519 5591
1521 8241
1526 8466
1535 345
1545 5291
1550 2280
1552 8921
1558 598
1562 3404
1564 7403
1565 5925
1570 9286
1576 7503
1589 6114
1593 1099
1618 1506
1621 3657
1624 9315
1631 781
1634 4524
1639 9783
1646 9831
1656 9051
1662 5528
1668 4403
1672 3135
1674 1390
1679 5727
1695 3019
1697 2372
1704 1760
1706 8361
1708 8290
1710 6014
1733 1416
1739 9984
1743 9296
1756 6924
1768 6552
1776 7034
1779 9344
1781 479
1786 8652
1792 8876
1797 6494
1802 2224
1804 4081
1808 3062
1810 6152
1842 5456
1857 3439
1862 5664
1868 9246
1876 5026
1880 3001
1881 445
1893 1586
1929 6027
1931 5059
1934 1784
1938 991
1940 5829
1953 2201
1963 6339
1965 491
1968 1831
1987 7128
1989 6993
1992 169
1995 8535
2007 6274
2012 615
2013 2078
2022 2404
2025 4590
2036 1299
2040 6928
2042 1948
2044 7624
2053 701
2063 5427
2064 1303
2082 4969
2099 4141
2109 1821
2114 5665
2130 4354
2142 7221
2150 4561
2152 4681
2155 3100
2167 8192
2171 7684
2173 999
2179 2388
2185 7220
2187 3263
2191 781
2196 1351
2202 8180
2203 9058
2211 8300
2213 6701
2220 900
2233 8009
2241 6122
2247 7207
2248 3235
2253 9455
2255 4548
2257 5516
2267 159
2269 5013
2270 1719
2280 8467
2284 9836
2293 9195
2298 1334
2308 7479
2312 4675
2314 1010
2315 520
2318 2363
2327 2840
2330 1615
2335 2810
2355 3948
2361 9823
2365 2153
2373 8911
2377 1164
2391 2877
2405 3822
2407 3671
2430 9297
2446 2942
2450 9109
2458 557
2460 5777
2461 3927
2463 5564
2473 4355
2485 347
2488 3445
2499 5065
2512 112
2513 2898
2518 7876
2525 8875
2542 5960
2553 8128
2556 7243
2575 5612
2576 9291
2579 1483
2587 7735
2595 4404
2603 1356
2614 4317
2627 2497
2629 7666
2633 4658
2659 5039
2665 228
2674 1492
2681 9977
2684 8481
2694 443
2695 6979
2740 2300
2749 3391
2755 8147
2770 6159
2772 9954
2791 5453
204
12 3 -13 5904
23 82 -2379 18489
33 -33 2074 -29067
40 20 -1388 32870
57 16 -1603 42831
61 13 -1612 55441
92 5 -595 18266
175 1 -287 25774
192 12 -4442 417201
197 -87 34249 -3365634
210 38 -15797 1643682
211 -215 89940 -9397896
219 -146 63176 -6829773
234 22 -9941 1123011
256 -17 8148 -967164
268 5 -2557 328926
271 115 -62471 8488815
282 4 -2215 315447
300 -19 10992 -1583226
316 -3 1874 -283543
338 3 -1909 311198
340 -19 12925 -2194257
349 -53 36062 -6127894
373 -8 5958 -1103913
378 -36 26828 -4988477
396 -2 1563 -295603
407 -18 14372 -2864037
423 23 -19395 4089104
426 -27 22952 -4873463
429 -1 853 -180090
433 -7 6076 -1316155
447 47 -41005 8944631
462 -12 11014 -2521652
464 -34 31578 -7328942
480 -17 16062 -3784024
489 -12 11551 -2769774
498 -4 3935 -966092
506 -38 38360 -9673166
513 -6 6113 -1551292
535 9 -9615 2568063
544 25 -26924 7251699
548 -3 3284 -894697
561 8 -8767 2402098
590 10 -11612 3373351
606 13 -15517 4630429
627 -12 14805 -4559824
629 7 -8816 2779979
662 -6 7850 -2563164
682 1 -1339 456047
695 -2 2734 -927712
704 -7 9850 -3460175
743 2 -2944 1085979
752 5 -7522 2829127
763 1 -1511 578115
792 5 -7705 2969807
805 -12 19020 -7533698
818 7 -11324 4586114
827 -9 14711 -6006994
876 0 -30 26646
878 12 -21019 9211980
881 5 -8797 3872245
904 -12 21526 -9649356
917 9 -16361 7436921
924 -2 3689 -1695067
954 4 -7650 3658637
955 10 -19111 9140540
960 3 -5746 2757152
972 -3 5781 -2775205
981 -2 3906 -1900661
1003 8 -16007 8012390
1015 2 -4029 2031737
1024 -2 4070 -2068058
1050 2 -4144 2151498
1060 0 283 -296163
1076 4 -8519 4541653
1083 7 -15050 8097713
1102 -2 4337 -2342916
1126 6 -13470 7563756
1132 -6 13502 -7589373
1136 -6 13602 -7708048
1166 4 -9162 5251545
1194 -3 7137 -4236706
1208 1 -2415 1459984
1239 3 -7245 4375584
1245 1 -2488 1551987
1256 -6 15000 -9374284
1262 2 -5024 3160662
1290 -2 5054 -3183039
1301 -2 5182 -3352544
1313 -3 7852 -5135534
1316 -5 13134 -8619523
1318 2 -5267 3468461
1326 -5 13214 -8729664
1329 5 -13258 8793660
1344 -4 10741 -7200662
1347 5 -13472 9078775
1366 -3 8123 -5492561
1378 3 -8202 5611761
1382 3 -8286 5728738
1391 0 -245 345995
1396 -4 11170 -7791606
1411 -2 5628 -3949671
1413 -5 14114 -9953199
1427 0 -227 326711
1441 4 -11478 8243695
1443 1 -2887 2091483
1445 2 -5781 4180068
1446 -3 8672 -6258751
1449 2 -5799 4211437
1472 -3 8837 -6497845
1502 0 73 -104266
1505 4 -12029 9045485
1510 2 -6029 4547347
1524 1 -3030 2300598
1527 3 -9159 6998457
1539 1 -3076 2366589
1564 3 -9330 7261564
1568 -4 12524 -9799153
1574 -2 6281 -4930205
1575 2 -6298 4965399
1581 -4 12609 -9928605
1586 3 -9497 7517868
1593 -1 3179 -2524075
1594 -3 9565 -7616832
1597 -3 9585 -7651775
1609 -1 3201 -2557898
1619 -2 6440 -5181377
1648 0 -306 504354
1680 1 -3346 2799446
1696 3 -10103 8511636
1704 -2 6812 -5794797
1725 3 -10344 8917416
1731 0 1128 -1945489
1744 -3 10414 -9036885
1809 2 -7192 6469156
1832 2 -7327 6718322
1874 -2 7474 -6974196
1879 -1 3748 -3510614
1895 2 -7572 7172038
1933 2 -7625 7267753
1936 -2 7733 -7465198
1957 0 -429 839791
1958 -2 7829 -7652696
1977 -2 7851 -7703531
1985 -2 7923 -7845434
2004 2 -7963 7932606
2016 1 -4013 4033856
2028 1 -4033 4068821
2056 1 -4098 4202082
2059 -2 8233 -8463160
2063 0 -1880 3879345
2070 0 17 -29270
2085 0 -84 178023
2099 -2 8389 -8791596
2116 2 -8452 8930534
2126 -1 4251 -4509811
2142 1 -4281 4589748
2148 -1 4297 -4606208
2149 -2 8591 -9217759
2170 0 -321 696814
2199 1 -4370 4783066
2218 0 230 -504903
2223 0 1402 -3107836
2227 1 -4455 4964735
2244 0 -558 1252472
2275 1 -4539 5156188
2289 -1 4571 -5219284
2293 1 -4576 5244563
2313 0 -389 900858
2315 -1 4631 -5355162
2318 1 -4633 5366323
2321 0 1627 -3767758
2332 0 530 -1228445
2357 -1 4707 -5533810
2364 -1 4726 -5577138
2368 0 -1113 2636477
2391 0 -365 873572
2393 -1 4782 -5709184
2468 0 -37 95504
2478 -1 4952 -6127162
2482 0 -941 2337927
2490 1 -4965 6169997
2541 0 148 -367691
2544 -1 5083 -6449320
2557 0 139 -347640
2566 -1 5134 -6582176
2575 1 -5133 6595032
2599 0 -8 26463
2614 1 -5197 6759529
2661 1 -5257 6909364
2665 1 -5324 7087839
2676 1 -5332 7109124
2689 -1 5377 -7224852
2691 -1 5376 -7220525
2695 1 -5380 7239256
2707 -1 5392 -7267705
2712 -1 5420 -7338842
2720 1 -5428 7367015
2737 -1 5474 -7488556
2740 1 -5474 7496898
2746 1 -5485 7529526
2759 -1 5518 -7611213
2777 1 -5550 7709281
2791 -1 5582 -7780883
