313
35 2017
58 6862
87 6403
106 8721
160 2521
166 4936
215 7922
258 9698
274 9538
277 9930
288 8685
291 3486
306 8065
333 4794
351 9134
362 8962
369 2673
371 3484
381 8074
383 4008
399 1613
432 3861
444 64
469 1969
517 6433
529 7930
534 7333
566 7972
658 3366
667 3585
675 2340
739 4734
751 6119
755 9819
764 9565
772 565
806 6115
815 3405
827 7589
845 5940
895 7952
904 8001
964 7166
981 4429
985 5454
1009 6897
1047 6445
1085 8571
1145 7862
1192 7519
1221 7051
1230 4645
1268 9164
1286 4486
1292 2433
1333 3076
1343 4236
1354 9210
1358 4994
1378 3860
1393 6763
1421 862
1443 1424
1472 9550
1500 3552
1509 6124
1531 1751
1564 6790
1569 3069
1572 7067
1581 345
1631 541
1634 381
1675 5163
1682 2464
1733 1968
1747 8092
1753 1325
1771 6254
1785 2162
1795 9231
1801 9339
1807 8154
1813 3172
1825 6663
1958 1107
1971 3700
1980 9463
2005 5031
2072 6167
2102 1654
2119 4683
2142 4040
2152 7000
2301 9926
2329 9604
2341 5581
2346 2594
2369 8648
2392 5776
2414 9811
2423 4427
2430 5229
2459 2042
2483 2753
2527 9170
2557 7806
2590 8409
2634 2588
2672 6877
2683 9734
2688 9512
2701 6387
2722 9656
2741 4970
2765 9755
2792 7041
2805 7791
2846 9692
2901 8019
2922 5558
2934 4991
2955 3471
2960 9641
2984 9996
3034 8367
3046 8989
3049 4808
3070 5431
3083 7579
3102 1383
3110 3818
3116 2706
3161 6983
3199 762
3212 9404
3264 7892
3280 4865
3284 3853
3306 2826
3321 8461
3331 9264
3337 2210
3340 2922
3430 6103
3441 7673
3450 7109
3458 9850
3484 2160
3501 8464
3528 3926
3616 6485
3635 3996
3641 5473
3709 9047
3736 8457
3782 2528
3806 3711
3875 5618
3886 9253
3955 1464
3977 5836
3985 4660
4074 5542
4108 3529
4117 6730
4141 8066
4163 5657
4194 3512
4197 1685
4200 3438
4202 8888
4227 9808
4274 3440
4275 1456
4279 86
4283 1913
4319 7899
4323 1412
4326 8956
4333 3245
4356 3747
4357 5049
4366 371
4384 9061
4387 8872
4405 3148
4423 449
4435 639
4441 6781
4483 1436
4538 3063
4546 9241
4548 8045
4552 8243
4556 2809
4572 3274
4586 2276
4589 9506
4672 6707
4678 3612
4699 4843
4701 2120
4717 2711
4734 9045
4750 9410
4754 4659
4852 9850
4901 5954
4917 2793
4975 4327
4991 1230
5006 1465
5010 6045
5016 2911
5061 8166
5102 5443
5111 773
5118 7302
5138 8762
5142 2795
5170 4846
5195 5861
5214 6930
5230 1462
5270 1390
5290 460
5329 5481
5340 4540
5344 4650
5377 2271
5403 3060
5422 6606
5448 5089
5470 5776
5479 2794
5523 2016
5527 8579
5531 3379
5540 5018
5548 4276
5553 2187
5603 7717
5612 1433
5650 1638
5652 176
5655 5101
5678 4168
5715 5781
5748 1039
5803 1990
5807 9310
5866 5055
5879 6802
5884 1366
5900 4116
5910 8421
5928 5271
5998 9389
6000 9579
6026 8818
6054 9159
6090 7097
6104 6617
6123 3773
6128 7475
6151 2196
6155 2588
6200 4186
6202 1918
6294 8553
6315 5347
6354 8017
6400 9524
6409 2221
6412 474
6448 9874
6463 9146
6487 4855
6488 5647
6500 9226
6501 2723
6537 1055
6572 2973
6580 1763
6584 2372
6593 1220
6650 5212
6657 2382
6658 9027
6672 942
6691 6160
6718 3268
6773 1661
6842 220
6871 637
6877 3059
6886 9145
6912 7716
6943 8170
6994 23
7032 5245
7033 1749
7066 6791
7067 6977
7106 2654
7133 2609
7152 9377
7171 4035
7193 1687
7195 1315
7269 3043
7280 6460
462
6 85 -705 8862
19 -11 154 7996
57 -4 217 3120
70 -8 1005 -22258
81 50 -7818 309607
92 -30 5515 -247731
96 55 -10620 520063
221 0 -69 15622
227 -157 70362 -7874746
230 -38 17548 -2023832
232 -160 73484 -8430935
234 6 -2782 323025
241 -112 52967 -6255670
263 -4 1996 -239206
273 68 -36601 4929783
288 -40 23084 -3320688
307 -18 10484 -1521044
322 1 -621 105077
329 39 -25553 4189224
375 -4 2819 -492797
387 -34 26304 -5079785
400 -50 39815 -7919174
419 -18 14981 -3110592
450 -2 1716 -361686
455 8 -7200 1625062
478 -18 17059 -4035389
483 10 -9595 2302342
488 -26 25374 -6186001
494 -19 18760 -4627346
500 -32 31732 -7861267
508 12 -12097 3050168
520 1 -1021 264299
530 2 -2113 559208
540 -7 7543 -2029714
557 26 -28371 7743512
563 -29 32704 -9218570
585 13 -14755 4189215
589 -28 32790 -9591367
590 -8 9413 -2764743
597 11 -13115 3917374
637 5 -5935 1761312
644 -14 17822 -5669761
648 5 -6438 2079422
674 12 -15555 5042644
690 9 -12419 4289570
694 7 -9713 3372603
730 -5 7148 -2545785
738 -11 16100 -5885857
750 -1 1484 -544221
754 -11 16512 -6192070
775 10 -15073 5680830
777 -14 21706 -8403896
780 14 -21748 8452793
791 -15 23645 -9315439
802 8 -12813 5137803
811 1 -1606 652561
812 8 -12982 5270227
818 -12 19481 -7897804
833 9 -14865 6144819
846 -12 20175 -8477985
854 7 -11919 5082064
885 3 -5319 2359473
920 -2 3552 -1574764
946 7 -12893 5939289
950 -8 15199 -7214984
959 6 -11457 5472816
963 4 -7672 3679606
969 7 -13535 6545758
972 6 -11676 5682107
979 0 -259 256159
981 -7 13711 -6706538
982 7 -13753 6757947
1013 -9 17932 -8926203
1025 -2 4081 -2073165
1045 1 -2094 1101193
1056 6 -12582 6603429
1063 -8 16972 -8998757
1078 6 -12893 6930235
1084 2 -4310 2327688
1106 1 -2211 1225905
1110 3 -6647 3686249
1115 8 -17810 9918744
1127 -1 2233 -1238330
1140 -2 4552 -2586861
1149 -4 9117 -5188479
1164 -7 16288 -9470733
1165 2 -4662 2717983
1174 -2 4682 -2734838
1188 5 -11861 7036707
1191 3 -7148 4263815
1199 -4 9570 -5717570
1208 -5 12028 -7226204
1259 2 -4902 3008633
1287 6 -15243 9688677
1295 0 171 -214651
1297 3 -7775 5044919
1326 -4 10490 -6873287
1327 0 -2677 3556104
1347 2 -5345 3575579
1354 -3 8093 -5452480
1362 -4 10854 -7359543
1365 -3 8174 -5563508
1410 1 -2789 1950675
1412 0 -2488 3513100
1418 0 -1240 1760095
1452 4 -11400 8128679
1498 -3 8787 -6427956
1516 -3 8994 -6737720
1523 -2 6069 -4596008
1533 4 -12257 9393997
1544 2 -6163 4748031
1557 -3 9260 -7137554
1571 3 -9418 7400485
1585 -1 3158 -2484395
1588 -1 3172 -2512470
1591 0 -2538 4039385
1610 0 493 -783899
1628 0 -205 336359
1635 2 -6523 5325161
1642 2 -6544 5362046
1689 1 -3293 2717447
1696 0 -301 515159
1710 -3 10239 -8732560
1716 1 -3427 2942277
1743 1 -3461 3002196
1776 2 -7066 6243976
1791 -2 7147 -6384054
1802 -2 7198 -6469972
1803 1 -3608 3255806
1827 2 -7235 6549614
1837 -2 7335 -6716085
1840 -2 7358 -6761026
1842 -2 7358 -6767186
1900 -1 3724 -3458473
1908 0 -240 464854
1922 2 -7644 7309427
1932 2 -7707 7427939
1938 -1 3877 -3757700
1944 1 -3888 3782178
1946 -1 3894 -3783328
1965 0 399 -776348
1971 -2 7871 -7742409
1994 1 -3987 3981626
2009 1 -3996 3999461
2021 1 -4020 4048574
2041 2 -8153 8309291
2057 2 -8203 8412788
2063 0 -750 1548117
2068 -1 4138 -4280031
2104 2 -8368 8753745
2135 -1 4228 -4466735
2175 -2 8597 -9236713
2184 2 -8735 9546469
2216 2 -8874 9843909
2230 2 -8919 9946952
2271 -1 4487 -5030903
2281 -1 4545 -5159976
2290 0 -974 2230950
2296 1 -4588 5266065
2305 -1 4597 -5281239
2323 1 -4609 5316869
2342 -1 4657 -5417806
2346 -1 4690 -5497781
2363 1 -4690 5504015
2381 1 -4743 5632501
2384 0 1078 -2564902
2399 -1 4785 -5723610
2404 0 -220 534772
2423 -1 4833 -5830285
2427 1 -4853 5889995
2428 0 1165 -2821836
2433 0 1087 -2638791
2473 1 -4908 6022206
2483 0 94 -225605
2498 -1 4968 -6164965
2502 -1 4999 -6240375
2504 1 -5006 6268078
2506 -1 5012 -6274039
2509 -1 5011 -6271645
2540 0 -317 805254
2543 -1 5085 -6460271
2550 1 -5095 6497677
2567 1 -5116 6544100
2598 -1 5193 -6739201
2622 1 -5203 6770062
2636 0 -74 199778
2658 1 -5314 7061856
2669 1 -5322 7085944
2692 0 -10 30788
2694 -1 5383 -7244030
2709 0 603 -1624110
2721 1 -5434 7385525
2737 -1 5452 -7426471
2746 1 -5482 7518867
2774 0 39 -98541
2810 -1 5586 -7796326
2862 0 168 -471070
2875 0 -380 1096853
2899 -1 5771 -8316434
2913 1 -5809 8443348
2915 1 -5828 8500004
2933 1 -5840 8528973
2938 0 -1071 3150230
2952 1 -5891 8684518
2956 -1 5902 -8702331
2986 0 -172 516743
3007 1 -5977 8939469
3013 -1 6013 -9033873
3017 1 -6026 9078689
3019 0 -1594 4816953
3026 -1 6045 -9130109
3055 1 -6063 9194369
3068 1 -6110 9340846
3073 -1 6144 -9427940
3075 0 130 -395674
3083 -1 6156 -9468260
3112 1 -6206 9635100
3115 -1 6230 -9694455
3128 -1 6258 -9785884
3131 -1 6256 -9783001
3140 0 567 -1774977
3158 0 368 -1153139
3160 1 -6314 9968695
3179 0 132 -415243
3212 0 117 -367195
3248 0 -276 896503
3254 0 -139 454562
3284 0 -295 969838
3306 0 167 -544905
3308 0 2684 -8872493
3320 0 660 -2182478
3340 0 390 -1294545
3379 0 -238 804610
3388 0 -338 1150146
3396 0 -615 2089455
3425 0 -139 476797
3444 0 270 -921949
3477 0 -30 106463
3482 0 1583 -5503779
3494 0 802 -2792347
3518 0 -153 538709
3521 0 500 -1753236
3535 0 -547 1935682
3538 0 1712 -6049472
3550 0 226 -796861
3574 0 -335 1197548
3584 0 -31 115264
3617 0 194 -693991
3654 0 -56 207154
3661 0 1381 -5045990
3684 0 217 -793598
3700 0 163 -596515
3730 0 -216 808645
3732 0 352 -1309254
3742 0 24 -79849
3749 0 -1331 4990259
3761 0 531 -1990108
3770 0 -544 2054483
3803 0 -172 656823
3811 0 -666 2538513
3834 0 353 -1344506
3848 0 184 -698618
3857 0 -552 2132105
3876 0 25 -89867
3903 0 106 -407954
3906 0 1247 -4861349
3922 0 68 -257964
3925 0 436 -1704738
3962 0 -159 631474
3980 0 -139 560539
3983 0 2129 -8472375
3991 0 862 -3430257
4003 0 622 -2480276
4021 0 471 -1884280
4034 0 323 -1296090
4037 0 1530 -6168087
4065 0 309 -1247121
4080 0 -145 593497
4105 0 154 -622330
4107 0 -905 3723702
4120 0 -648 2670760
4133 0 684 -2817028
4138 0 -1117 4622309
4143 0 -1296 5370803
4152 0 858 -3553668
4155 0 1447 -6005084
4161 0 353 -1463309
4172 0 -472 1969294
4177 0 1357 -5660583
4275 0 86 -358178
4293 0 -2 17696
4329 0 -153 662908
4332 0 1843 -7975094
4333 0 390 -1681412
4336 0 1996 -8645580
4348 0 111 -474291
4368 0 -17 75618
4371 0 977 -4264545
4379 0 1200 -5244980
4408 0 -200 883160
4419 0 135 -591885
4441 0 -444 1972017
4468 0 -335 1497090
4474 0 -289 1299447
4490 0 136 -607664
4499 0 308 -1382795
4565 0 80 -356131
4574 0 357 -1624345
4610 0 -25 123187
4616 0 -376 1737893
4626 0 722 -3331212
4675 0 -108 507025
4694 0 -263 1239238
4705 0 -325 1532517
4714 0 463 -2177436
4744 0 111 -520055
4748 0 -1500 7124111
4752 0 581 -2757442
4754 0 -1478 7029801
4793 0 70 -328916
4799 0 -547 2630424
4817 0 -215 1038172
4824 0 -1017 4908771
4853 0 81 -384953
4861 0 -467 2272772
4880 0 -460 2245583
4890 0 -958 4684912
4892 0 284 -1385854
4898 0 -613 3007448
4911 0 39 -189138
4937 0 -173 855228
4950 0 -29 150820
4956 0 -80 405618
4968 0 -97 489947
4970 0 -948 4716183
4979 0 -16 79813
4989 0 -686 3425514
4997 0 -23 118799
5017 0 376 -1876559
5062 0 112 -557569
5086 0 -3 16562
5092 0 -1542 7852085
5095 0 1051 -5349611
5130 0 -98 508553
5132 0 -266 1373978
5187 0 79 -404714
5189 0 214 -1107534
5192 0 335 -1737832
5197 0 705 -3657605
5208 0 432 -2243048
5210 0 1293 -6728318
5233 0 -20 105310
5274 0 -182 961575
5305 0 116 -608884
5325 0 -277 1478186
5339 0 -712 3801396
5344 0 289 -1534584
5377 0 166 -885244
5384 0 3 -10002
5393 0 442 -2377859
5416 0 114 -613791
5419 0 -113 621438
5476 0 77 -415757
5546 0 -11 69126
5555 0 817 -4528467
5577 0 -284 1587524
5585 0 553 -3080376
5623 0 80 -441774
5624 0 182 -1021332
5642 0 312 -1752480
5646 0 1573 -8872465
5658 0 12 -63308
5660 0 637 -3602684
5675 0 -576 3269120
5708 0 146 -826503
5713 0 -340 1945642
5716 0 181 -1029234
5737 0 -379 2175946
5766 0 186 -1063205
5771 0 -1576 9096467
5777 0 300 -1726814
5784 0 -156 911168
5788 0 -329 1905921
5810 0 436 -2523237
5820 0 -952 5540781
5840 0 -209 1222047
5882 0 162 -943296
5898 0 54 -314522
5910 0 -308 1820439
5941 0 -278 1652746
5962 0 433 -2571940
5975 0 -198 1186766
6036 0 -46 277693
6045 0 428 -2581086
6052 0 -333 2020872
6064 0 193 -1163136
6066 0 -177 1075919
6078 0 314 -1903806
6085 0 1290 -7840579
6133 0 84 -506517
6135 0 1565 -9596744
6152 0 -319 1966456
6177 0 393 -2417672
6185 0 -566 3505956
6192 0 974 -6023316
6202 0 107 -661289
6237 0 66 -406632
6242 0 -1318 8227443
6257 0 -459 2871974
6295 0 -90 568733
6298 0 971 -6107212
6324 0 260 -1637378
6386 0 -1 9850
6391 0 1356 -8656734
6397 0 1243 -7943668
6405 0 -1200 7686167
6435 0 -5 33801
6451 0 -603 3890001
6455 0 1293 -8338961
6474 0 72 -456652
6476 0 530 -3430431
6482 0 -367 2379652
6496 0 -311 2025047
6515 0 -168 1098632
6578 0 -87 574889
6579 0 671 -4413174
6593 0 -343 2261550
6595 0 642 -4226993
6607 0 755 -4978907
6667 0 48 -316981
6709 0 -198 1329134
6733 0 135 -900351
6738 0 181 -1213570
6741 0 1326 -8930691
6754 0 36 -241630
6760 0 184 -1237835
6771 0 -860 5823373
6781 0 545 -3689743
6826 0 -214 1460995
6857 0 130 -883396
6873 0 -90 621489
6881 0 1100 -7559120
6921 0 -65 457077
6943 0 230 -1589575
6955 0 575 -3991862
6961 0 -1070 7449424
7007 0 -68 478219
7041 0 85 -595114
7051 0 -202 1430584
7076 0 390 -2749830
7077 0 1009 -7134001
7102 0 -392 2784012
7111 0 -909 6465283
7113 0 957 -6799802
7128 0 -227 1619243
7183 0 -114 820604
7220 0 -198 1431208
7225 0 -1341 9689997
7230 0 37 -261426
7240 0 -512 3710382
7251 0 417 -3015564
7280 0 -258 1880303
