275
4 8142
8 8114
53 9990
95 5470
106 989
122 9390
144 4402
162 385
191 6539
213 885
225 8679
244 8040
258 8344
277 7838
284 8898
328 4314
357 4533
366 2358
384 5061
420 1095
425 7476
435 5769
437 4078
439 5077
444 4572
490 4513
512 614
565 2039
576 1530
581 5558
602 6801
623 2354
639 6351
654 5534
685 9856
696 5556
767 7984
798 69
806 8797
809 4651
815 9914
830 3143
839 8653
845 9219
856 8819
860 1984
909 2899
940 8628
961 2277
980 9310
986 4096
1009 5324
1028 6968
1030 1384
1032 4298
1034 7544
1080 4631
1081 1137
1127 1336
1129 3419
1138 6561
1162 4382
1178 5245
1183 3426
1234 5056
1262 7094
1324 1630
1328 777
1354 1587
1400 2268
1402 4749
1444 650
1463 4680
1484 4561
1497 567
1505 6727
1551 7039
1566 4980
1575 7052
1599 3707
1617 5583
1633 628
1656 3159
1668 6216
1688 9322
1693 1754
1746 4652
1772 5228
1796 9426
1799 620
1837 9139
1853 9779
1858 758
1875 1262
1883 5679
1900 4236
1927 587
1930 4986
1933 9256
1940 2695
1966 2979
1979 444
1985 7205
1989 6856
1990 100
2001 1651
2032 6344
2120 4061
2139 450
2153 5486
2155 8700
2162 7491
2170 8355
2203 584
2214 8022
2215 6525
2221 7729
2223 7199
2234 2228
2257 2789
2324 5895
2334 6841
2346 1207
2387 2880
2388 5994
2390 6356
2392 4533
2397 3301
2409 7463
2413 1261
2416 4121
2422 1126
2451 2503
2464 2085
2485 8063
2490 4170
2493 9691
2497 9949
2504 8563
2514 5436
2517 8405
2566 8239
2589 3723
2603 7981
2607 3062
2629 8222
2642 1033
2649 2499
2665 8975
2677 6406
2710 548
2728 1779
2735 9288
2745 6632
2782 1857
2788 3970
2815 2253
2822 255
2849 9449
2856 8627
2881 4939
2906 7735
2932 6482
2938 7199
2956 2651
2966 8588
3031 7912
3034 8655
3043 999
3070 8905
3077 9148
3082 1241
3085 4541
3098 8513
3119 3645
3125 4970
3132 7003
3170 9735
3176 1933
3182 2295
3194 4390
3225 2681
3227 9151
3242 7094
3243 2748
3297 3279
3303 5843
3323 4070
3325 9208
3327 1526
3331 9676
3334 5310
3343 4323
3368 3814
3405 4226
3409 4121
3413 7948
3415 6772
3420 1033
3421 705
3446 482
3478 5654
3519 9934
3526 7317
3529 1568
3534 8893
3563 8135
3632 2272
3637 2464
3641 3707
3667 6069
3675 7704
3679 7912
3686 6770
3691 9654
3705 1453
3727 9298
3755 1029
3786 9102
3805 781
3819 9229
3835 4444
3858 3737
3876 793
3900 1029
3939 2949
3989 4148
3998 9751
4006 8965
4023 5665
4037 8177
4045 5766
4049 4593
4063 4544
4085 1046
4097 3523
4109 7020
4114 1150
4126 3153
4128 7544
4135 9777
4155 9921
4190 203
4201 676
4225 9409
4334 221
4340 7379
4357 9829
4399 1886
4432 3653
4470 7185
4474 4010
4482 167
4484 4114
4503 7771
4569 234
4588 9512
4590 6871
4608 9728
4616 75
4624 4382
4628 4469
4641 418
4652 1878
4662 311
4673 933
4745 769
4751 1600
4755 2485
4774 8733
4785 6816
4817 7305
4835 4260
4838 4664
4855 6102
49
53 -1 93 1798
124 -1 107 5791
335 0 38 -4335
379 0 -37 18103
783 0 -2 6844
802 2 -3133 1229876
813 -4 6417 -2566116
967 0 27 -20885
984 6 -11647 5655437
998 9 -17971 8978193
1037 3 -6082 3085110
1103 1 -2210 1221613
1182 1 -2207 1218412
1185 -4 9481 -5611482
1296 0 81 -95548
1401 0 -65 91868
1422 2 -5678 4036967
1465 -4 11576 -8371521
1717 0 24 -34363
1753 -1 3469 -3005417
1793 1 -3525 3111343
1801 1 -3593 3234434
1905 0 38 -63487
2185 0 30 -57050
2197 -1 4380 -4787173
2252 0 107 -234548
2278 -1 4507 -5077051
2321 1 -4559 5200142
2375 -1 4660 -5420217
2585 0 -16 44181
2588 -1 5177 -6696327
2658 0 44 -110183
2799 0 7 -11028
2974 0 -32 97298
3234 0 -19 65921
3257 0 -269 876541
3405 0 67 -218149
3585 0 -38 139185
3796 0 -14 54917
4055 0 33 -124454
4291 0 -11 49434
4502 0 2 -5684
4537 0 99 -442038
4542 0 -1550 7041541
4589 0 69 -308512
4608 0 347 -1591204
4699 0 13 -58408
4757 0 -126 601613
4855 0 78 -370515
