48
166 1168
209 6405
217 5998
254 5498
330 539
394 6511
421 7095
489 516
498 3965
559 4574
611 2689
647 7196
701 7002
707 2644
788 1483
830 2102
833 4487
862 148
903 5305
971 5679
1002 8510
1058 7386
1074 1713
1193 2404
1313 9924
1353 243
1369 1756
1402 1203
1464 603
1486 5340
1579 2108
1672 7730
1754 3738
1770 9509
1806 133
1890 9258
1896 5518
1903 9026
1913 6032
1923 4698
2012 2661
2018 9643
2104 4730
2153 6737
2169 3554
2282 9846
2321 5137
2370 6676
31
148 0 19 1107
377 0 13 3934
431 1 -786 161154
479 -2 1783 -393956
574 1 -963 232454
658 1 -1273 408145
675 1 -1327 448115
733 -1 1365 -460648
822 1 -1468 539579
885 -1 1722 -732375
1091 0 -43 46951
1251 0 -17 21437
1255 -1 2501 -1561430
1269 -4 10120 -6394311
1270 3 -7612 4836845
1447 0 -3 10888
1563 0 -31 50908
1569 0 727 -1131658
1593 1 -3139 2466965
1724 0 3 -4418
1760 -1 3457 -2977878
1913 0 48 -82482
1939 2 -7714 7443110
2007 -1 3979 -3948469
2041 -1 4042 -4074755
2068 -1 4091 -4178188
2131 0 -16 41775
2169 -1 4282 -4579967
2298 0 70 -150867
2312 0 -58 139904
2370 -1 4730 -5586929
