417
13 6705
28 5699
51 8861
55 4133
88 3867
112 9074
126 8282
171 4933
192 3388
238 4890
242 4590
250 4935
265 6069
293 4708
311 920
332 1809
334 9362
344 1709
351 2681
372 3687
387 3094
405 2772
434 3276
447 9337
456 8665
516 9459
521 2623
531 2052
535 2105
564 1470
617 2614
619 3260
637 7425
652 3693
675 9250
679 8677
739 4361
747 5033
769 5370
782 9258
796 5677
807 541
827 1946
877 6004
908 6526
952 9061
955 4148
965 8062
989 6489
1025 3738
1027 4658
1040 98
1100 1543
1118 6530
1120 2211
1145 9445
1167 9623
1182 5489
1210 954
1223 9719
1243 998
1287 4775
1318 4611
1330 3569
1368 9176
1370 682
1415 8535
1457 7039
1467 967
1480 9473
1517 6717
1548 8681
1556 9269
1573 7391
1629 6233
1647 2195
1678 6979
1772 2545
1789 713
1816 9985
1823 5332
1828 9156
1845 2300
1867 2797
1873 9044
1882 2535
1884 9886
1923 8076
1929 5547
1946 1178
1952 7177
1962 3825
1970 2158
2041 8399
2066 1219
2076 9538
2092 823
2112 4701
2147 9172
2191 4914
2206 8031
2214 3956
2242 9996
2270 7292
2286 6212
2348 1105
2369 3584
2375 7382
2394 422
2428 7335
2445 8558
2463 7579
2499 4198
2559 3458
2616 852
2621 8300
2656 6783
2706 7158
2712 1538
2726 7726
2746 1051
2752 783
2782 5212
2795 2810
2799 3272
2804 7215
2817 4737
2831 2491
2890 830
2897 4269
2953 4969
2970 7968
3020 366
3026 5581
3037 5783
3040 6661
3053 8441
3058 5889
3066 9255
3074 7815
3092 3022
3098 8157
3104 5423
3156 873
3205 7629
3221 4306
3247 3484
3273 9385
3287 9658
3288 9149
3312 691
3321 3699
3334 1535
3340 7270
3370 3482
3405 5043
3553 8361
3606 2698
3624 9797
3636 665
3666 6629
3676 5594
3686 8682
3708 5570
3727 3952
3732 8943
3748 2719
3758 3320
3803 8003
3855 7509
3892 685
3922 7933
3939 1107
3989 5156
4001 8298
4024 2854
4032 2586
4080 8184
4091 272
4101 2874
4120 6088
4141 8985
4168 5959
4170 3938
4172 5543
4194 6719
4199 2965
4219 6283
4228 5987
4231 6886
4235 3222
4273 4842
4338 5371
4347 4251
4408 5088
4430 4194
4432 2146
4444 6349
4479 9614
4524 9876
4539 6766
4543 4040
4558 7605
4578 5220
4595 5153
4622 4452
4646 1931
4657 9693
4693 34
4722 2756
4746 5071
4747 2755
4758 5576
4759 1153
4762 4780
4816 5988
4877 2795
4885 2835
4908 9522
4935 9146
4946 487
4948 897
4949 1576
4984 6638
4990 4343
5005 7843
5047 326
5089 9363
5098 9739
5101 4717
5103 837
5176 9603
5216 8426
5327 4482
5357 2652
5387 9255
5463 6517
5472 3672
5475 6973
5479 8592
5495 4131
5551 8028
5598 2412
5603 8546
5605 8252
5611 2340
5618 2474
5631 5942
5681 8481
5688 4191
5691 9209
5715 4499
5718 1622
5743 4700
5762 3661
5766 8865
5843 4504
5863 5071
5904 856
5922 3588
5939 7395
5944 3035
5967 8976
6005 1039
6016 5441
6026 6336
6088 8446
6110 8652
6128 3449
6170 3992
6216 321
6244 5542
6260 1223
6284 7140
6297 4549
6310 9599
6311 5796
6325 1224
6348 3804
6349 3931
6365 1058
6382 4823
6400 1336
6428 4260
6466 9584
6473 7987
6496 307
6498 6862
6522 2710
6564 9699
6566 2832
6584 744
6597 1929
6607 5505
6626 1671
6670 3759
6674 8471
6730 9480
6734 8913
6742 8835
6787 5564
6824 9662
6829 5369
6876 500
6896 2027
6930 4779
6975 2395
6990 1798
7005 1963
7020 9684
7038 4454
7047 1732
7065 6824
7073 5305
7075 2703
7130 2082
7170 4604
7172 3754
7182 6968
7199 7134
7212 7261
7224 8392
7285 8304
7295 135
7354 7153
7362 6448
7376 1072
7397 8765
7413 1556
7423 2031
7449 4499
7504 1917
7515 2269
7546 1125
7553 3355
7577 2833
7637 9514
7659 916
7660 1671
7668 7839
7678 6413
7696 1701
7701 105
7734 6909
7798 182
7826 9219
7862 4436
7863 7857
7894 7652
7912 3807
7960 9812
7965 2634
7986 9876
8025 98
8063 3194
8065 9884
8069 4169
8076 7078
8134 9304
8181 5617
8183 7867
8185 3815
8243 9561
8262 50
8298 8882
8305 5278
8316 2222
8358 6495
8364 3647
8416 2604
8423 1032
8430 7859
8432 7370
8476 2125
8533 8381
8555 7906
8605 3386
8657 7993
8662 9701
8667 8247
8680 9567
8695 7577
8696 2566
8699 4206
8718 3001
8796 1168
8799 829
8801 8763
8812 8017
8833 1882
8838 7406
8859 8603
8862 4383
8902 6408
8940 4797
9003 1486
9014 3483
9039 2334
9054 3928
9085 3915
9112 1664
9142 5069
9143 8409
9152 2289
9170 6931
9174 3488
9228 2870
9232 2507
9246 7066
9266 9155
9280 1317
9307 3679
9314 7887
9333 2509
9347 3585
9391 8234
9432 356
291
12 44 -1057 6871
25 -45 1347 -377
31 -96 6012 -86313
33 -1032 65363 -1025222
57 11 -1284 39651
66 99 -13252 443551
174 0 81 -4601
249 1 -422 46787
252 130 -65347 8213622
366 0 -83 30691
375 6 -4494 847551
399 17 -13306 2607550
423 8 -6612 1370608
456 -5 4489 -998969
463 19 -17479 4026217
484 14 -13155 3094641
489 -37 35998 -8748540
498 -8 7830 -1913350
506 22 -22139 5573508
516 0 133 -61907
531 15 -15524 4017957
540 -2 2122 -560744
584 1 -1149 332149
641 3 -3775 1189408
688 3 -3825 1220028
706 16 -22372 7823915
737 9 -13143 4799974
810 0 52 -35360
819 -10 16365 -6688404
861 -5 8189 -3343022
867 -9 15516 -6680642
875 10 -17330 7508589
886 8 -14132 6249898
957 0 92 -79644
983 -3 5875 -2871595
994 3 -5939 2947063
997 4 -7962 3967865
1009 -2 3991 -1987983
1011 9 -18176 9184319
1028 3 -6138 3139922
1034 -1 2070 -1068936
1040 7 -14553 7568515
1087 -1 2160 -1157953
1092 4 -8736 4778085
1134 -4 8995 -5052634
1170 1 -2273 1296654
1338 0 -9 15622
1359 4 -10804 7296602
1373 -3 8230 -5638615
1435 2 -5514 3801227
1466 -3 8620 -6183866
1524 1 -2952 2181506
1547 3 -9221 7088065
1598 -1 3162 -2496925
1622 -3 9719 -7861622
1653 3 -9911 8185670
1744 1 -3335 2782937
1755 -1 3503 -3058631
1801 0 20 -28700
1807 1 -3609 3264659
1842 0 -26 54539
1872 2 -7447 6937277
1874 -1 3742 -3499579
1915 2 -7524 7083319
1926 -1 3844 -3692503
1967 -1 3849 -3695331
1970 1 -3932 3866667
2020 -2 7978 -7946608
2033 -1 4066 -4125825
2152 0 -8 25593
2157 -1 4316 -4652390
2174 1 -4323 4676830
2206 -2 8790 -9650255
2208 2 -8835 9764422
2232 -2 8830 -9736318
2235 0 -1492 3338954
2247 0 769 -1717959
2337 1 -4544 5164298
2376 0 221 -515618
2459 1 -4901 6006724
2465 0 0 2864
2507 0 -214 537164
2538 0 178 -442821
2551 -1 5089 -6468450
2657 0 -72 192094
2678 -1 5338 -7116155
2701 1 -5398 7286856
2711 1 -5414 7336449
2740 0 195 -526101
2770 1 -5543 7686884
2783 -1 5563 -7736135
2842 1 -5669 8037284
2950 0 -55 164830
3085 0 15 -42067
3130 1 -6214 9662405
3152 1 -6279 9860224
3156 -1 6313 -9958745
3244 0 96 -302194
3252 0 685 -2219529
3264 0 292 -946081
3265 0 718 -2336503
3300 0 -165 544610
3338 0 165 -543249
3470 0 -74 256884
3497 0 291 -1008067
3541 0 -196 694887
3546 0 1846 -6536095
3549 0 2148 -7616263
3580 0 -295 1056455
3597 0 -311 1123011
3602 0 1808 -6502798
3609 0 678 -2437504
3678 0 -24 90642
3765 0 -46 177808
3846 0 -33 131588
3871 0 181 -693136
3942 0 11 -38994
3957 0 -305 1210734
4016 0 -136 547393
4018 0 2031 -8155325
4037 0 -360 1453343
4092 0 92 -369837
4111 0 115 -470490
4154 0 -171 712091
4186 0 168 -695571
4192 0 -1062 4452671
4311 0 33 -133550
4313 0 -674 2915305
4404 0 -72 317768
4482 0 -35 157538
4494 0 387 -1729941
4506 0 485 -2176230
4508 0 376 -1688257
4524 0 -417 1887712
4565 0 -101 464796
4630 0 -1 11490
4645 0 267 -1235837
4680 0 -177 829020
4690 0 -826 3874098
4710 0 325 -1522466
4733 0 59 -270255
4734 0 -643 3052243
4737 0 -123 591480
4780 0 -172 822562
4789 0 -91 438825
4826 0 -100 484241
4887 0 -143 699795
4922 0 208 -1014261
4932 0 -719 3548587
4993 0 -63 317962
5060 0 38 -182843
5070 0 -68 346284
5074 0 -648 3288137
5076 0 -1564 7940719
5109 0 -75 389253
5124 0 574 -2931400
5148 0 -227 1170352
5167 0 258 -1324499
5182 0 586 -3027336
5233 0 41 -209931
5270 0 227 -1187782
5280 0 -545 2881305
5306 0 315 -1662161
5358 0 -152 814962
5394 0 251 -1344101
5434 0 -130 706479
5458 0 -317 1732124
5474 0 -217 1191964
5479 0 -1333 7303902
5516 0 266 -1457365
5565 0 -118 660705
5567 0 -852 4743886
5585 0 29 -158018
5671 0 54 -297736
5682 0 -241 1373919
5713 0 47 -264836
5714 0 1414 -8077670
5727 0 -593 3396799
5736 0 165 -939377
5781 0 -174 1007091
5794 0 449 -2595425
5833 0 57 -327417
5859 0 -54 324974
5866 0 80 -466501
5899 0 115 -669602
5912 0 -335 1985382
5943 0 179 -1056791
5961 0 -68 413320
5987 0 -229 1373710
5993 0 1516 -9075550
6009 0 46 -272218
6060 0 -166 1006264
6072 0 -60 371462
6109 0 117 -705593
6117 0 -1238 7572886
6131 0 112 -682090
6239 0 4 -14979
6269 0 26 -159315
6298 0 137 -856943
6300 0 -911 5741469
6333 0 -148 938387
6363 0 80 -502191
6394 0 -189 1212035
6398 0 -976 6246514
6451 0 23 -140975
6523 0 125 -805538
6557 0 90 -582962
6582 0 172 -1124506
6591 0 461 -3028739
6667 0 96 -630195
6751 0 81 -538952
6795 0 -36 251923
6804 0 688 -4672478
6830 0 292 -1984782
6861 0 -243 1669439
6996 0 71 -487115
7043 0 9 -55217
7052 0 789 -5555335
7146 0 43 -298731
7155 0 246 -1752051
7171 0 304 -2173186
7250 0 7 -47698
7290 0 72 -521440
7339 0 -153 1124439
7365 0 -361 2659128
7371 0 752 -5533515
7448 0 -93 693913
7467 0 152 -1125370
7480 0 -484 3620504
7490 0 -390 2924567
7507 0 493 -3691472
7511 0 1069 -8020973
7527 0 26 -194239
7535 0 862 -6486561
7655 0 34 -255072
7716 0 -62 483174
7732 0 540 -4165422
7745 0 -676 5236406
7855 0 22 -164490
7870 0 141 -1105945
7916 0 200 -1573215
7929 0 269 -2123220
7994 0 -107 857029
8033 0 -199 1599527
8060 0 -184 1487534
8069 0 -1030 8311759
8071 0 553 -4461976
8101 0 224 -1807094
8114 0 15 -114757
8141 0 178 -1444228
8161 0 -194 1588630
8227 0 40 -321118
8266 0 180 -1479461
8329 0 68 -558278
8382 0 175 -1456972
8429 0 29 -237288
8484 0 -34 292518
8506 0 453 -3843219
8569 0 -123 1055244
8602 0 -295 2537678
8619 0 375 -3223449
8625 0 -226 1955802
8716 0 -26 232893
8718 0 -954 8321489
8744 0 75 -648860
8765 0 -159 1399759
8779 0 71 -619550
8805 0 375 -3292102
8828 0 108 -949956
8867 0 119 -1049509
8873 0 -1090 9674068
8877 0 722 -6406247
8886 0 -42 374910
8892 0 1043 -9265358
8902 0 604 -5368493
8906 0 -952 8484238
8915 0 1024 -9119166
9099 0 46 -409232
9149 0 48 -432792
9152 0 -156 1436541
9174 0 54 -488034
9177 0 -1026 9416038
9257 0 -9 85966
9290 0 -301 2796321
9297 0 791 -7346465
9304 0 985 -9156029
9315 0 -823 7666662
9333 0 -469 4378159
9335 0 759 -7080768
9368 0 -291 2726210
9432 0 -26 251223
