85
163 1937
192 1754
206 1458
227 3293
255 9970
286 2124
413 8849
606 3971
650 5132
729 5822
797 4849
799 3386
814 7968
820 9597
916 7038
1170 1460
1270 7547
1272 7844
1719 7201
1770 717
2088 1320
2191 6562
2267 5496
2315 6953
2331 4797
2432 6389
2572 7461
2706 5558
2755 8037
3115 1416
3203 4812
3374 1053
3379 8730
3534 8563
3682 1340
3977 3823
3986 2983
4138 2742
4229 3488
4364 5152
4436 9030
4640 6343
4645 8997
4767 4204
4950 344
5084 8200
5570 9221
5617 383
5659 2406
5748 3286
5811 2947
6011 8491
6070 7936
6086 3651
6177 2833
6291 6166
6520 4244
6569 4006
6627 5134
6633 6178
6675 8621
6758 6057
7039 3849
7049 6775
7079 754
7096 4898
7203 2351
7315 4660
7323 3311
7395 9570
7402 5150
7454 1566
7494 1256
7518 7369
7570 4319
7753 5254
7891 5361
8161 1384
8212 6332
8228 3733
8296 3360
8339 1287
8823 3026
8904 1088
8937 4333
63
96 0 -40 5089
284 0 22 -696
291 -50 28997 -4201285
422 0 6 630
476 0 -98 50961
613 0 27 -9206
719 0 94 -57593
835 0 53 -36184
950 0 39 -30907
1400 0 -7 15912
1460 2 -5753 4142911
1500 -3 8995 -6737289
1507 0 -612 924003
1621 0 55 -81880
1644 2 -6509 5296341
1717 0 -30 52113
1790 -1 3512 -3074712
1864 1 -3569 3186054
2240 0 3 -4063
2252 0 -375 847346
2764 0 6 -10624
2812 -1 5568 -7747597
2874 -1 5723 -8182827
3013 0 21 -58304
3129 0 -35 110254
3202 0 131 -409558
3243 0 130 -413365
3398 0 -59 201240
3758 0 -1 7092
3864 0 45 -164264
4004 0 -60 241134
4330 0 -20 89438
4549 0 6 -24964
4738 0 -22 105832
4824 0 -69 334736
5209 0 -2 17746
5409 0 -42 227487
5562 0 -16 92009
5576 0 136 -749585
5585 0 -840 4691912
5665 0 -108 612477
5747 0 -113 649950
6188 0 -16 101237
6318 0 -56 354171
6336 0 50 -314395
6661 0 -6 47279
6810 0 21 -135692
6878 0 11 -68905
7163 0 -12 86205
7216 0 118 -841734
7233 0 427 -3081062
7263 0 235 -1699660
7400 0 -46 343764
7655 0 -14 111707
7905 0 -15 119895
7979 0 -9 77637
8225 0 -32 263762
8421 0 14 -108281
8444 0 81 -677843
8692 0 -33 287632
8763 0 -131 1148082
8869 0 -41 364709
8937 0 -65 583650
