217
17 7954
40 4439
56 2071
89 4127
92 1254
108 1046
156 5456
181 8055
214 8470
321 2879
389 2332
418 5163
439 132
447 4087
612 3878
613 3259
616 8051
665 3771
672 5555
685 9845
693 6211
700 6150
805 3654
820 8869
833 1148
887 8766
917 2432
942 3746
948 1867
1048 1225
1087 6624
1139 7414
1169 5549
1208 3070
1219 5701
1248 5806
1250 177
1258 1314
1270 4432
1282 2140
1355 5051
1389 7847
1394 2913
1403 8557
1430 8190
1471 9626
1483 4141
1500 8537
1503 5771
1580 9519
1624 949
1654 4800
1681 6204
1701 1232
1742 3325
1855 7363
1918 1328
1952 239
1968 2665
2082 1772
2116 5351
2185 4447
2227 7682
2320 7722
2331 4425
2370 2835
2392 6142
2411 6501
2430 6598
2462 1585
2552 1203
2615 6850
2654 8197
2660 4732
2672 4604
2726 2306
2790 6091
2804 8308
2833 6479
2886 4572
2893 4289
2902 5146
3006 7381
3032 2980
3050 349
3092 9479
3133 4118
3208 9170
3222 4976
3242 1409
3260 4369
3314 8457
3318 2411
3328 6580
3370 9983
3372 3935
3374 9661
3376 5760
3447 8975
3549 106
3607 5345
3661 4051
3688 2449
3755 9678
3813 2634
3825 6408
3869 4947
3872 1166
3949 1763
4020 5699
4024 4193
4045 5677
4060 9346
4076 6354
4096 861
4154 3424
4157 7709
4189 4466
4295 9812
4376 2141
4470 4673
4520 2064
4579 4977
4580 2220
4595 2531
4893 438
4936 7656
4943 2028
5004 793
5134 4161
5169 1828
5235 9183
5248 4880
5282 6812
5307 9969
5361 9482
5368 1360
5383 7104
5408 4388
5445 4986
5532 7057
5560 3106
5595 6344
5636 5863
5640 6468
5677 4253
5719 1205
5721 3760
5725 5808
5740 6185
5791 4106
5813 4
5848 1702
5899 3374
5901 2280
5987 3924
6012 2907
6038 8499
6071 2299
6115 9755
6132 3106
6142 4938
6161 2642
6192 6928
6268 1568
6398 7181
6404 5586
6491 9935
6625 1125
6772 1795
6854 3188
6858 38
6917 5835
6919 3915
6962 9132
6971 1502
7139 9008
7156 4425
7161 3063
7165 4037
7199 7511
7235 9515
7238 9386
7273 5083
7279 8900
7408 9133
7429 9107
7434 2782
7447 6642
7452 1469
7515 2853
7605 2483
7610 116
7614 7431
7655 8225
7674 533
7782 9256
7841 2820
7925 4652
7954 8711
8027 7681
8029 4933
8066 2473
8094 6859
8164 2674
8184 4868
8192 928
8305 7608
8325 7462
8357 3233
8365 2064
8380 5232
8448 4137
8570 5733
8592 9297
8635 1095
8636 1777
255
3 950 -1106 3210
88 1 -173 8327
104 -12 2451 -120300
140 -2 445 -17822
144 309 -88252 6304770
217 0 -106 24631
219 -2 867 -86001
271 1 -468 54889
281 -61 33379 -4561928
366 0 -105 39334
377 13 -9653 1797299
397 -9 7119 -1404672
431 5 -4030 812457
438 24 -20813 4521488
442 -20 17651 -3891013
502 1 -970 240764
540 3 -3041 771775
612 -1 1222 -367352
654 1 -1264 404860
683 11 -14459 4754102
715 0 69 -40979
771 2 -3081 1187045
772 -13 20039 -7714387
790 -9 13957 -5407503
843 0 -137 115523
955 0 -84 80801
988 3 -5830 2833396
995 -8 15815 -7812178
999 -8 15952 -7951488
1060 -2 4073 -2067037
1092 7 -14990 8028259
1133 -5 10966 -6003169
1136 6 -13613 7727579
1194 1 -2362 1398996
1203 6 -14369 8604131
1238 -6 14821 -9143217
1275 6 -14832 9166152
1288 4 -10306 6640025
1292 1 -2586 1674961
1310 3 -7832 5112195
1387 -1 2616 -1702979
1389 -3 8332 -5776678
1394 -2 5574 -3876727
1432 -4 11222 -7866660
1461 1 -2912 2126545
1475 0 385 -557938
1535 2 -5901 4353350
1554 2 -6176 4772725
1569 -1 3120 -2427162
1582 1 -3139 2466026
1633 -3 9648 -7751370
1735 0 -79 138874
1871 0 -10 24688
1917 0 114 -208815
1968 0 78 -144971
1994 1 -3936 3877609
1995 2 -7976 7960284
2019 0 374 -745824
2063 -1 4118 -4236504
2076 1 -4151 4311685
2123 -1 4182 -4371149
2132 1 -4266 4553953
2136 2 -8536 9110137
2141 -2 8549 -9129501
2163 0 27 -48428
2231 -2 8754 -9575308
2242 1 -4466 4989889
2247 1 -4484 5035857
2302 0 -95 219630
2308 -1 4608 -5304159
2319 -1 4619 -5333443
2340 -1 4677 -5465386
2444 0 -61 151122
2447 -1 4891 -5973634
2496 0 36 -84541
2521 -1 5018 -6292115
2525 1 -5051 6379163
2532 0 -1424 3605577
2584 -1 5152 -6627958
2596 -1 5167 -6664859
2631 0 -84 223954
2637 1 -5276 6964213
2639 -1 5280 -6962570
2672 0 287 -757165
2698 1 -5400 7293294
2756 -1 5416 -7324381
2762 -1 5519 -7609057
2773 -1 5539 -7665223
2833 -1 5612 -7868097
2935 0 56 -157395
2951 0 597 -1752131
3022 1 -5918 8761224
3044 0 -267 816563
3055 0 -13 47238
3097 0 30 -90450
3117 0 -264 826613
3283 0 -7 30773
3472 0 14 -45837
3474 0 -1601 5562051
3491 0 -188 660618
3526 0 -279 983976
3563 0 122 -425850
3607 0 141 -498801
3611 0 183 -653687
3639 0 47 -163698
3659 0 344 -1249045
3672 0 -356 1309771
3684 0 489 -1792526
3708 0 181 -665874
3712 0 674 -2497890
3720 0 884 -3279243
3723 0 -52 201180
3756 0 106 -391943
3767 0 638 -2394781
3823 0 170 -640075
3878 0 -18 75438
3897 0 -104 406032
3906 0 -285 1114709
3922 0 -399 1568308
3930 0 190 -742399
3938 0 -228 904217
3973 0 -85 338031
3980 0 -935 3723387
4025 0 175 -695805
4033 0 -839 3384039
4071 0 -241 981911
4090 0 -395 1615578
4336 0 9 -33381
4341 0 1797 -7790935
4380 0 -198 868241
4386 0 1663 -7283920
4462 0 127 -556997
4540 0 9 -31454
4603 0 94 -423721
4651 0 49 -222102
4671 0 -107 505077
4683 0 -592 2773483
4762 0 75 -347365
4765 0 -1005 4790310
4812 0 1 -2835
4894 0 52 -246359
4912 0 281 -1372819
4929 0 486 -2386247
4931 0 -118 585415
5001 0 -55 280207
5032 0 -97 494248
5039 0 1329 -6687150
5085 0 150 -753420
5100 0 317 -1606916
5138 0 83 -419458
5148 0 680 -3492592
5164 0 481 -2475067
5227 0 -153 799894
5258 0 -259 1363331
5279 0 -219 1160816
5281 0 -1802 9516474
5300 0 -228 1210851
5345 0 15 -71908
5366 0 -225 1210683
5440 0 2 -9409
5443 0 286 -1546708
5446 0 -1332 7254805
5521 0 -48 265230
5562 0 -173 964879
5566 0 1218 -6769789
5590 0 -71 403431
5631 0 -50 284212
5638 0 398 -2236612
5640 0 494 -2784581
5654 0 -79 452672
5681 0 -32 186670
5690 0 148 -840194
5756 0 118 -669427
5784 0 177 -1015602
5791 0 1091 -6309389
5864 0 -57 338903
5880 0 251 -1468244
5980 0 24 -137116
5983 0 1371 -8193319
6028 0 -25 150908
6032 0 961 -5789408
6089 0 -100 611677
6092 0 715 -4345885
6144 0 2 -5199
6150 0 250 -1532422
6161 0 468 -2877148
6179 0 155 -949311
6206 0 -50 311925
6224 0 242 -1500110
6279 0 -17 108079
6364 0 78 -489264
6375 0 -249 1593630
6471 0 3 -13404
6494 0 -56 366586
6531 0 27 -174428
6551 0 -91 600549
6628 0 -39 260499
6631 0 1268 -8401080
6634 0 556 -3686611
6648 0 78 -516915
6675 0 -183 1224046
6700 0 -192 1289983
6736 0 -24 163047
6742 0 1136 -7649163
6833 0 -62 425882
6968 0 -25 177327
6982 0 680 -4737889
7000 0 203 -1415980
7008 0 204 -1423291
7012 0 1306 -9150341
7051 0 -197 1390302
7054 0 -703 4959338
7071 0 -547 3868088
7073 0 569 -4018540
7097 0 -106 755616
7116 0 -188 1339796
7165 0 -152 1091443
7217 0 148 -1058539
7267 0 -10 79215
7341 0 45 -321042
7342 0 -51 378758
7353 0 -206 1519179
7360 0 -1274 9376723
7393 0 88 -643606
7432 0 -132 985394
7450 0 -227 1694785
7465 0 196 -1453380
7484 0 131 -971482
7503 0 -194 1460157
7534 0 270 -2025368
7567 0 -135 1026729
7579 0 50 -373932
7647 0 45 -339425
7683 0 -74 575200
7703 0 44 -333759
7712 0 702 -5404799
7762 0 63 -484170
7800 0 35 -270971
7842 0 -39 313244
7850 0 -623 4893322
7912 0 152 -1193144
8055 0 -40 323381
8074 0 -490 3956309
8111 0 -65 534619
8148 0 -107 872399
8172 0 -306 2501892
8186 0 -157 1290593
8194 0 25 -201712
8336 0 40 -324448
8409 0 -110 926845
8469 0 123 -1032482
8505 0 -188 1601639
8538 0 63 -535686
8611 0 -6 54040
8636 0 -334 2884674
