1
5410 2729
500
14 -14 26 7526
34 9 -406 4677
42 -103 8199 -154578
63 21 -1793 38470
89 -3 373 -1692
93 -559 99663 -4433346
107 50 -9478 450378
115 -18 3830 -198650
124 -42 9971 -589207
129 -317 78678 -4873273
131 -309 79790 -5148899
133 -319 84475 -5591107
143 -56 15813 -1110793
158 19 -5749 435718
188 11 -4020 369845
213 3 -1117 109709
215 -30 12875 -1376445
225 86 -36932 3965165
242 -12 5526 -627470
276 2 -1013 136626
283 -9 5041 -702805
291 36 -20524 2933755
295 6 -3551 534546
299 -92 54929 -8192050
303 -22 13250 -1992332
314 -64 39783 -6176883
340 7 -4632 771033
371 5 -3383 572386
379 -56 41633 -7731185
390 -39 30314 -5882507
395 -13 10116 -1958431
400 -52 41463 -8260950
409 -45 36653 -7455431
417 -10 8188 -1669853
430 17 -14617 3146970
432 40 -34337 7376405
454 -20 17754 -3930508
465 -46 42174 -9659748
474 33 -30898 7232747
481 -22 20892 -4949995
493 -34 32717 -7862504
501 34 -34091 8547997
505 30 -30241 7623026
519 30 -30909 7966571
522 9 -9385 2451436
528 7 -7357 1939166
548 16 -17095 4568818
556 5 -5504 1523298
565 27 -30455 8593853
585 10 -11346 3223089
587 -25 29345 -8601461
591 -28 32969 -9697630
597 11 -13015 3856801
619 -2 2403 -715583
624 -22 27245 -8428103
630 25 -31393 9864219
655 -16 20558 -6600419
670 -12 15734 -5153297
700 1 -1398 488776
733 -4 5719 -2035053
739 0 1097 -803518
747 -16 23667 -8743704
753 2 -3003 1131106
758 -7 10556 -3979382
759 1 -1515 575533
774 -15 23068 -8860258
787 -14 21750 -8443456
796 -15 23898 -9516069
797 3 -4775 1907794
798 5 -7973 3187677
800 -8 12775 -5090396
814 -8 13037 -5303129
817 14 -22816 9303754
831 12 -19736 8123046
840 8 -13428 5637666
848 -13 22010 -9310780
851 8 -13589 5778983
856 -9 15320 -6509703
863 -2 3437 -1467763
864 0 -9963 8608034
898 7 -12472 5557025
925 4 -7289 3326731
928 -7 12944 -5976594
947 11 -20479 9533067
954 8 -15228 7253116
963 -5 9567 -4575724
965 1 -1927 931324
982 -4 7842 -3838918
1011 0 182 -177000
1014 -5 10145 -5139311
1021 8 -16291 8299919
1040 0 302 -306387
1042 6 -12494 6509246
1050 6 -12571 6586564
1068 -4 8474 -4487456
1102 7 -15377 8447182
1116 -5 11146 -6207917
1119 -6 13397 -7471340
1122 -3 6717 -3749905
1127 -1 2256 -1265482
1156 -2 4567 -2606144
1170 1 -2331 1363791
1184 1 -2366 1406030
1198 -6 14301 -8517349
1202 -2 4811 -2884884
1204 -2 4806 -2884807
1211 -6 14447 -8691910
1243 -5 12258 -7503786
1245 0 331 -410568
1271 0 190 -235282
1273 6 -15240 9684103
1316 1 -2565 1649626
1318 -1 2633 -1726767
1334 1 -2653 1766087
1386 2 -5425 3679695
1391 -3 8333 -5776951
1409 4 -11226 7880459
1431 1 -2843 2021178
1437 4 -11501 8272953
1439 1 -2875 2072557
1456 2 -5782 4187149
1461 0 -582 850563
1468 2 -5863 4305266
1474 -2 5883 -4321069
1483 2 -5904 4359545
1490 -4 11907 -8858392
1497 3 -8953 6685275
1512 -4 12061 -9082618
1532 4 -12271 9416302
1566 4 -12369 9563106
1571 -1 3134 -2451169
1574 1 -3145 2474774
1593 -2 6353 -5040977
1611 1 -3203 2568837
1615 1 -3231 2610964
1628 0 -668 1088742
1639 3 -9831 8060000
1660 2 -6553 5374328
1662 -2 6651 -5527525
1669 2 -6647 5531603
1717 0 -92 160442
1719 -2 6864 -5883392
1737 -1 3452 -2973997
1740 3 -10423 9059147
1752 0 -603 1057319
1753 0 -2783 4879538
1768 2 -7014 6158231
1774 3 -10643 9448469
1800 3 -10644 9448665
1851 0 -43 81223
1857 -1 3714 -3443049
1861 -1 3713 -3442251
1870 0 -218 413213
1875 0 1415 -2645631
1883 1 -3748 3514374
1885 2 -7538 7106697
1887 1 -3772 3565887
1895 -1 3773 -3551854
1908 -1 3814 -3634386
1925 2 -7660 7343767
1962 1 -3895 3796861
1985 0 145 -282018
1992 0 -799 1592782
1993 2 -7976 7959033
1997 -2 7989 -7970196
2032 2 -8066 8140018
2046 -1 4089 -4171963
2058 -1 4112 -4223620
2061 1 -4115 4236498
2070 2 -8252 8512929
2079 0 -975 2027279
2081 -2 8314 -8637946
2087 0 -23 49878
2095 1 -4189 4386987
2104 2 -8402 8826498
2119 -2 8414 -8847222
2121 -2 8477 -8979872
2122 2 -8492 9022590
2126 2 -8487 9012579
2129 2 -8509 9060261
2137 -2 8528 -9090583
2166 2 -8643 9343646
2167 -2 8666 -9377725
2174 1 -4337 4710919
2180 1 -4348 4733314
2186 1 -4359 4752578
2191 -2 8762 -9587383
2230 1 -4457 4967060
2243 0 202 -447901
2248 1 -4489 5047347
2263 1 -4509 5090341
2271 -1 4541 -5153439
2292 1 -4583 5251106
2293 -1 4586 -5253027
2337 -1 4647 -5391984
2348 1 -4694 5512398
2352 1 -4706 5543805
2362 1 -4723 5579000
2377 -1 4752 -5638038
2386 1 -4761 5673269
2391 0 1102 -2627009
2392 1 -4784 5730656
2408 -1 4791 -5731087
2425 -1 4843 -5855255
2428 -1 4854 -5888748
2439 1 -4873 5936792
2443 1 -4888 5973477
2461 0 497 -1213345
2470 1 -4924 6067402
2512 0 -101 255420
2516 1 -5032 6332019
2519 1 -5030 6332304
2521 0 -3964 9994266
2525 0 1466 -3694830
2531 0 -157 399734
2538 0 56 -132514
2556 0 515 -1306762
2593 0 -53 144031
2594 0 -2929 7599914
2603 1 -5194 6753216
2615 1 -5216 6808383
2622 1 -5246 6886239
2641 0 -151 405743
2686 0 -6 17297
2693 -1 5375 -7221153
2742 -1 5431 -7369216
2751 1 -5494 7552404
2769 -1 5525 -7625171
2778 -1 5548 -7690482
2780 0 -468 1304700
2783 1 -5566 7751453
2785 1 -5564 7748285
2793 1 -5582 7799097
2795 -1 5585 -7791084
2822 1 -5610 7874661
2843 1 -5686 8084627
2857 1 -5689 8099116
2863 -1 5715 -8162850
2872 -1 5740 -8236012
2897 1 -5755 8288727
2899 0 3090 -8948315
2907 1 -5810 8448610
2913 0 306 -889206
2932 1 -5835 8516085
2942 1 -5876 8639943
2966 -1 5899 -8694081
2971 1 -5934 8808645
2984 -1 5942 -8820918
2994 0 28 -79740
3002 0 1243 -3721533
3011 0 -1041 3134656
3013 1 -6020 9060416
3018 1 -6035 9110798
3050 -1 6077 -9228209
3053 0 583 -1774268
3056 1 -6113 9343639
3092 1 -6161 9496503
3094 -1 6184 -9558382
3098 0 1813 -5606822
3099 0 2009 -6219049
3103 -1 6199 -9598058
3109 -1 6204 -9617332
3117 -1 6226 -9687767
3124 -1 6244 -9739885
3130 -1 6256 -9781464
3155 1 -6294 9907630
3157 0 -2774 8760729
3160 0 820 -2581300
3178 0 92 -286787
3188 0 11 -25465
3198 0 -711 2274070
3201 0 3047 -9743876
3245 0 -186 605095
3253 0 -297 968090
3259 0 332 -1077177
3260 0 -1387 4527334
3262 0 -2699 8805875
3264 0 -628 2057626
3270 0 -2 7839
3285 0 -347 1141524
3306 0 -216 715034
3308 0 1853 -6120121
3313 0 262 -863899
3317 0 -975 3235200
3326 0 -797 2652013
3334 0 96 -311401
3338 0 1810 -6033080
3339 0 592 -1969999
3348 0 -622 2084896
3351 0 -1236 4145910
3353 0 2880 -9649647
3364 0 -728 2449751
3375 0 -728 2458037
3376 0 -1313 4436976
3377 0 49 -160602
3382 0 -534 1812981
3385 0 -1580 5353431
3390 0 -1767 5990733
3408 0 -75 263710
3419 0 -388 1329250
3421 0 -1009 3458312
3425 0 1533 -5241720
3426 0 -570 1957912
3430 0 1540 -5273128
3438 0 427 -1461804
3446 0 899 -3088580
3453 0 -1263 4361297
3455 0 -743 2569937
3476 0 164 -563199
3481 0 -669 2334873
3484 0 2296 -7989383
3486 0 -2194 7649389
3493 0 -870 3042694
3497 0 -1762 6162427
3506 0 -920 3225744
3516 0 349 -1218721
3530 0 -200 706395
3539 0 -139 492572
3540 0 2639 -9338935
3547 0 -1251 4437344
3549 0 2730 -9679494
3585 0 146 -516702
3618 0 64 -222326
3633 0 -52 197474
3637 0 -518 1884632
3640 0 1155 -4197452
3644 0 -1165 4248468
3656 0 728 -2652230
3660 0 -1057 3869437
3667 0 462 -1685350
3696 0 -337 1245652
3699 0 1966 -7263496
3716 0 204 -750410
3722 0 -1153 4291592
3732 0 300 -1113278
3738 0 1157 -4316652
3746 0 -1147 4297088
3757 0 295 -1100900
3769 0 -592 2232546
3800 0 -43 164384
3820 0 -149 575658
3830 0 307 -1167380
3832 0 2503 -9583247
3836 0 1129 -4321861
3837 0 2584 -9909447
3840 0 1428 -5473853
3844 0 -1283 4935118
3854 0 462 -1772699
3868 0 -628 2429641
3870 0 -2075 8034958
3895 0 0 3824
3899 0 648 -2518941
3933 0 -58 232204
3942 0 -816 3218135
3947 0 -1117 4412364
3952 0 1715 -6768948
3961 0 415 -1638664
3963 0 -913 3619787
3992 0 -184 738789
3997 0 -1753 7007365
4011 0 -420 1686878
4015 0 -753 3027431
4029 0 -523 2107717
4044 0 231 -928008
4051 0 831 -3360137
4057 0 -361 1468557
4064 0 1108 -4494612
4067 0 -1026 4175907
4070 0 569 -2308974
4081 0 495 -2010829
4087 0 -302 1240472
4100 0 513 -2096103
4101 0 -497 2044801
4113 0 679 -2783140
4119 0 322 -1322586
4139 0 174 -714533
4143 0 1781 -7369637
4144 0 -1342 5567465
4151 0 -431 1791425
4157 0 673 -2791674
4169 0 -146 612568
4173 0 677 -2817429
4175 0 1812 -7555376
4192 0 214 -893310
4194 0 -1508 6328269
4203 0 -94 401205
4235 0 -219 927959
4246 0 -102 438696
4250 0 1012 -4292560
4259 0 -183 783612
4278 0 -179 765974
4311 0 37 -157421
4326 0 177 -758904
4339 0 429 -1852610
4343 0 970 -4208822
4357 0 -34 154181
4376 0 427 -1858897
4387 0 -519 2277455
4390 0 -934 4105803
4404 0 -680 2995141
4414 0 -932 4114378
4419 0 -1404 6205525
4423 0 -237 1055770
4432 0 -875 3879389
4436 0 -1465 6500164
4458 0 -289 1289522
4481 0 -32 151691
4529 0 21 -86062
4561 0 -102 466457
4567 0 -898 4102801
4589 0 238 -1086654
4603 0 -676 3112066
4605 0 -1127 5195986
4609 0 -2043 9416976
4611 0 -1637 7550664
4634 0 226 -1041636
4638 0 -354 1647355
4645 0 913 -4232170
4657 0 52 -234247
4659 0 764 -3557561
4676 0 199 -924909
4681 0 1181 -5520571
4683 0 -711 3332895
4692 0 -851 3994094
4698 0 1180 -5535945
4701 0 767 -3595965
4705 0 -731 3440002
4737 0 -298 1411957
4740 0 61 -281691
4748 0 956 -4529393
4756 0 231 -1096059
4783 0 360 -1712127
4798 0 232 -1107137
4804 0 381 -1823585
4806 0 -497 2392413
4809 0 -454 2190922
4815 0 1612 -7752018
4816 0 650 -3120972
4823 0 211 -1012555
4842 0 -9 44922
4843 0 159 -768705
4846 0 -1280 6205410
4864 0 469 -2271885
4869 0 -1378 6711147
4870 0 311 -1507144
4884 0 3 -8979
4911 0 316 -1542828
4933 0 372 -1825901
4967 0 -115 573807
4978 0 -273 1362975
4986 0 -28 140276
4988 0 -1391 6940073
5001 0 -276 1385966
5004 0 1363 -6814299
5021 0 -236 1190668
5034 0 -110 561698
5074 0 -33 172864
5102 0 -145 743474
5118 0 135 -682550
5127 0 -526 2699256
5130 0 1834 -9401280
5133 0 1074 -5504875
5142 0 -369 1898721
5144 0 -547 2818854
5149 0 1771 -9109923
5159 0 745 -3835585
5167 0 247 -1267991
5174 0 770 -3975576
5196 0 183 -946359
5205 0 955 -4961284
5213 0 -1240 6464133
5222 0 39 -203172
5246 0 176 -916191
5261 0 155 -805492
5268 0 -205 1080442
5274 0 1110 -5846029
5276 0 -516 2723403
5278 0 -1302 6878721
5285 0 179 -939987
5291 0 1359 -7181883
5294 0 -1417 7502516
5297 0 866 -4583134
5306 0 -490 2601913
5308 0 935 -4955825
5310 0 978 -5183979
5314 0 1350 -7165441
5325 0 161 -851633
5330 0 -1171 6243189
5331 0 348 -1853926
5336 0 833 -4439343
5339 0 1612 -8597296
5360 0 -147 789701
5363 0 -164 880604
5372 0 -902 4847417
5378 0 929 -4988047
5381 0 929 -4990692
5388 0 1303 -7011020
5405 0 -134 724650
5408 0 -17 93607
5410 0 651 -3517268
