1
6602 8930
500
20 -20 162 8752
33 34 -1854 26893
35 1189 -80389 1364496
37 890 -65774 1215501
55 11 -834 18925
87 -8 1210 -38799
89 -544 95876 -4221391
98 -61 10812 -469397
141 5 -1128 67166
153 52 -15699 1184929
161 54 -16678 1293002
185 -9 3169 -274302
189 188 -70815 6671444
195 -93 35747 -3433201
247 -1 391 -34075
251 74 -37024 4631588
271 -2 1085 -144986
273 -53 28752 -3894582
279 -35 19171 -2616428
282 -101 56902 -8007692
293 45 -25416 3590677
299 14 -8321 1237250
312 36 -21712 3278821
314 -89 55993 -8805502
323 37 -23631 3781406
329 43 -28134 4603440
342 9 -6011 1012600
343 31 -21298 3661399
392 -4 2868 -508449
417 -6 4812 -958566
437 25 -21493 4622659
446 44 -38845 8574423
464 -11 9817 -2182744
480 17 -15844 3693933
514 -7 6824 -1654756
515 1 -1032 269685
522 14 -14471 3739917
528 13 -13687 3604561
554 -1 1096 -296686
572 20 -22506 6332608
577 8 -9147 2614920
586 -21 24194 -6965765
602 -22 25751 -7527759
606 -13 15773 -4783888
615 21 -25749 7893527
637 6 -7598 2412379
638 20 -25466 8109649
648 5 -6390 2046100
653 8 -10377 3366678
679 12 -16234 5493024
683 3 -4083 1391676
692 -15 20743 -7167269
696 -2 2782 -963956
704 19 -26624 9330377
709 3 -4252 1510934
712 13 -18456 6552830
714 15 -21359 7611529
730 -3 4332 -1555741
733 17 -24902 9123548
740 4 -5921 2192642
746 -7 10452 -3900792
769 -15 23031 -8832978
771 15 -23123 8915827
792 5 -7907 3131970
796 12 -19089 7591659
799 1 -1598 641740
823 -12 19539 -7949912
828 2 -3302 1367523
843 -1 1659 -685077
859 10 -16850 7098736
882 12 -20890 9091692
893 -3 5332 -2360195
900 11 -19695 8823191
920 7 -12674 5741456
923 -2 3684 -1688486
927 11 -20376 9444088
933 3 -5568 2589506
943 -10 18642 -8681740
970 -10 18876 -8900658
972 -2 3889 -1888169
997 -7 13952 -6944734
998 -9 17944 -8934886
1022 -7 13983 -6977195
1024 5 -10246 5252204
1039 -6 12479 -6484875
1075 -3 6252 -3253171
1089 6 -12961 7005162
1114 7 -15550 8636318
1123 -1 2227 -1238654
1138 4 -9062 5134823
1141 -6 13673 -7780352
1153 -5 11453 -6554043
1180 -7 16138 -9291604
1185 -7 16566 -9797340
1189 -1 2377 -1407518
1220 -3 7214 -4335100
1226 -1 2445 -1491795
1252 4 -10004 6260644
1268 3 -7569 4776955
1284 -3 7685 -4913101
1294 -5 12917 -8341015
1308 1 -2593 1689996
1317 2 -5245 3440377
1325 -2 5283 -3482552
1340 1 -2664 1783110
1344 -3 8067 -5418047
1388 -1 2691 -1806959
1428 1 -2829 2007261
1432 3 -8564 6115640
1460 -3 8698 -6302684
1474 4 -11714 8581830
1494 -2 5905 -4356082
1500 3 -8983 6733423
1507 1 -3000 2254556
1551 -3 9056 -6825720
1555 4 -12425 9654887
1557 -1 3109 -2407416
1565 2 -6261 4907144
1585 -2 6287 -4936630
1618 1 -3172 2515742
1623 2 -6487 5267074
1630 -1 3257 -2648021
1641 -3 9779 -7961353
1643 2 -6568 5399796
1645 -3 9860 -8101161
1662 2 -6576 5408535
1668 -2 6660 -5541112
1673 2 -6696 5613498
1692 3 -10156 8602517
1699 -1 3394 -2875162
1702 -2 6810 -5790950
1719 1 -3405 2900688
1733 -2 6889 -5927854
1734 -1 3466 -2993796
1736 2 -6936 6015238
1742 1 -3472 3018729
1765 3 -10562 9301350
1777 0 -526 936087
1784 1 -3561 3175913
1786 2 -7135 6363904
1806 3 -10840 9792875
1815 1 -3612 3267003
1823 0 681 -1234197
1835 0 -16 35651
1870 0 10 -16880
1872 0 4405 -8236502
1876 1 -3753 3521829
1899 -2 7569 -7154052
1907 -2 7592 -7197696
1911 -1 3813 -3626516
1923 -2 7656 -7326454
1933 -1 3850 -3701592
1945 0 330 -632874
1956 -1 3896 -3785985
1959 -2 7837 -7673951
1963 1 -3917 3843460
2020 1 -4003 4007618
2030 1 -4057 4123212
2043 -1 4068 -4133870
2046 -2 8176 -8349378
2111 -1 4094 -4184544
2142 -1 4235 -4478440
2153 0 -768 1653880
2160 -2 8640 -9323049
2172 2 -8639 9331195
2216 -1 4417 -4868016
2225 1 -4447 4945636
2229 -2 8907 -9912351
2234 1 -4467 4994386
2237 0 934 -2079833
2253 -1 4488 -5034545
2257 0 205 -453958
2270 -1 4528 -5124477
2310 -1 4540 -5143296
2313 -1 4618 -5328422
2329 0 595 -1375973
2331 -1 4663 -5431239
2342 1 -4677 5470672
2351 0 -325 766761
2366 1 -4727 5595538
2408 1 -4729 5598852
2430 0 196 -470612
2431 1 -4863 5918340
2441 0 652 -1584981
2447 -1 4894 -5987015
2457 1 -4916 6046164
2461 0 -2204 5424737
2465 -1 4927 -6062845
2502 -1 5003 -6253358
2504 0 -1284 3218134
2546 -1 5012 -6276924
2558 1 -5118 6558193
2568 1 -5121 6561057
2580 0 -587 1514998
2582 -1 5160 -6651163
2603 0 137 -347743
2614 -1 5207 -6769743
2628 0 452 -1181301
2631 -1 5257 -6899960
2658 1 -5268 6944252
2679 1 -5357 7179858
2690 -1 5357 -7170329
2698 0 -837 2258498
2726 1 -5432 7378560
2736 -1 5454 -7432993
2744 -1 5475 -7488497
2746 -1 5490 -7532301
2762 0 3 -5808
2771 -1 5524 -7626058
2772 -1 5540 -7667711
2785 -1 5557 -7713006
2789 0 -262 735236
2793 -1 5584 -7785633
2810 1 -5610 7873739
2818 0 -490 1381112
2839 1 -5646 7972896
2845 -1 5683 -8070204
2885 1 -5739 8236966
2893 0 -1155 3342107
2905 -1 5803 -8414144
2912 -1 5818 -8461942
2921 1 -5831 8509628
2922 1 -5844 8540168
2928 -1 5851 -8553238
2938 -1 5857 -8569878
2962 0 300 -880738
2965 0 3157 -9350548
2984 0 -66 199753
3010 -1 6000 -8997731
3029 1 -6050 9155132
3037 1 -6068 9210220
3047 1 -6089 9276215
3051 -1 6102 -9300479
3069 0 -302 927245
3078 -1 6141 -9424745
3096 1 -6192 9592576
3109 1 -6219 9672508
3112 0 -164 515632
3133 -1 6267 -9813554
3137 -1 6266 -9809772
3145 0 810 -2537721
3149 0 881 -2767938
3154 1 -6304 9944814
3168 0 559 -1761450
3200 0 -156 501413
3202 0 -1589 5094438
3240 0 204 -653047
3250 0 -621 2018394
3266 0 598 -1943447
3267 0 253 -817313
3280 0 -324 1066065
3281 0 -2953 9691631
3314 0 -125 419961
3331 0 246 -809506
3364 0 267 -888819
3375 0 -497 1681545
3388 0 691 -2331113
3391 0 -1117 3787978
3397 0 -227 778098
3422 0 -253 869338
3427 0 -337 1162488
3433 0 180 -611234
3435 0 1208 -4141293
3449 0 166 -563223
3453 0 988 -3405362
3459 0 413 -1418857
3475 0 -21 74796
3478 0 2041 -7091752
3495 0 317 -1102453
3530 0 162 -565342
3540 0 -126 446320
3545 0 133 -463955
3552 0 -743 2642582
3557 0 472 -1671979
3562 0 -1087 3876412
3619 0 38 -132643
3635 0 -77 284889
3647 0 563 -2045031
3656 0 333 -1213777
3662 0 1100 -4021094
3663 0 -43 158769
3680 0 -213 784875
3697 0 -240 889882
3704 0 -133 501497
3705 0 -179 663415
3719 0 118 -432190
3740 0 -464 1735520
3762 0 -278 1046994
3765 0 1999 -7518573
3772 0 811 -3049430
3795 0 258 -969166
3801 0 712 -2699173
3858 0 -171 659876
3877 0 476 -1835826
3894 0 239 -925357
3915 0 77 -293972
3923 0 192 -749461
3926 0 2436 -9555093
3937 0 -630 2480837
3949 0 485 -1907349
3966 0 245 -964929
3985 0 -193 770012
3991 0 -1655 6605141
3999 0 242 -957861
4015 0 333 -1327896
4018 0 -2337 9391688
4031 0 459 -1841325
4035 0 -1305 5267200
4058 0 -94 386123
4061 0 1371 -5559522
4079 0 139 -560932
4127 0 -190 784956
4136 0 94 -378914
4157 0 130 -534995
4171 0 -200 835260
4177 0 -1207 5042389
4214 0 -26 110118
4222 0 598 -2517472
4235 0 -528 2237057
4238 0 -129 552883
4270 0 -276 1178760
4272 0 123 -518608
4274 0 1921 -8205653
4318 0 -110 477138
4334 0 605 -2612143
4343 0 -932 4049129
4356 0 -559 2436247
4360 0 1149 -5002524
4363 0 -2048 8937245
4367 0 -65 292956
4371 0 1196 -5219752
4372 0 1840 -8041295
4376 0 -1677 7341252
4394 0 -346 1523525
4430 0 135 -588467
4448 0 -50 230105
4474 0 -331 1482238
4502 0 -267 1202072
4530 0 217 -973952
4539 0 1088 -4928634
4543 0 -1873 8510043
4558 0 -470 2143898
4579 0 181 -824501
4583 0 1419 -6496301
4603 0 315 -1442004
4613 0 -162 755261
4626 0 -356 1647475
4634 0 704 -3254190
4682 0 -193 904203
4683 0 194 -905976
4686 0 1631 -7637054
4688 0 222 -1030972
4709 0 348 -1629762
4721 0 -328 1553041
4735 0 237 -1118174
4738 0 -967 4582169
4739 0 596 -2823831
4767 0 -313 1493151
4769 0 1861 -8867510
4772 0 -462 2205391
4786 0 -472 2260234
4793 0 15 -68996
4799 0 888 -4251579
4810 0 479 -2295877
4817 0 186 -887514
4831 0 259 -1246676
4844 0 544 -2625460
4857 0 456 -2204944
4864 0 -1322 6430533
4878 0 94 -450554
4916 0 104 -504589
4920 0 1315 -6463556
4958 0 -172 855596
4981 0 274 -1357132
4987 0 -793 3955901
5006 0 93 -460546
5023 0 429 -2145455
5031 0 259 -1299606
5042 0 -736 3712375
5059 0 -508 2570135
5081 0 -147 751779
5098 0 155 -780357
5104 0 -1503 7671763
5133 0 -57 293909
5135 0 -137 705673
5154 0 189 -967521
5156 0 35 -173227
5170 0 -59 309505
5171 0 1536 -7933415
5179 0 1062 -5490969
5193 0 194 -1003572
5208 0 593 -3078615
5228 0 384 -1999066
5237 0 -370 1942639
5243 0 -1079 5657209
5259 0 -570 2997662
5318 0 70 -366126
5323 0 -1767 9406554
5337 0 459 -2440163
5348 0 609 -3247739
5353 0 -571 3059356
5358 0 -77 418398
5370 0 -192 1034309
5383 0 -321 1729019
5390 0 1231 -6625517
5401 0 140 -750820
5403 0 1381 -7451792
5440 0 -149 811928
5443 0 411 -2230811
5469 0 -208 1139336
5503 0 -220 1210802
5525 0 241 -1325368
5528 0 454 -2505384
5537 0 93 -507172
5566 0 159 -877851
5571 0 1343 -7473917
5585 0 -2 15138
5593 0 -997 5576398
5595 0 983 -5496648
5597 0 -307 1723203
5601 0 -489 2746864
5627 0 173 -967355
5629 0 -846 4767440
5641 0 -804 4535367
5645 0 952 -5367436
5648 0 -1290 7288394
5682 0 235 -1325534
5686 0 -1438 8178614
5730 0 211 -1199253
5765 0 139 -792100
5766 0 -81 467840
5778 0 227 -1305450
5780 0 -330 1907454
5793 0 234 -1348679
5795 0 -1578 9147537
5800 0 -717 4160861
5815 0 -327 1903732
5817 0 1595 -9268424
5840 0 -331 1933431
5849 0 87 -502202
5873 0 -193 1136918
5876 0 -543 3192803
5941 0 139 -816250
5972 0 85 -500804
6011 0 240 -1432750
6015 0 -511 3076583
6017 0 -66 405076
6022 0 172 -1029653
6027 0 1335 -8038545
6033 0 -867 5233049
6034 0 -1387 8369301
6037 0 -1194 7210235
6060 0 -25 156455
6062 0 -1174 7120446
6074 0 -46 282596
6100 0 360 -2186237
6111 0 820 -5001991
6135 0 -35 219452
6145 0 162 -989486
6146 0 174 -1064790
6153 0 136 -831235
6163 0 996 -6128365
6166 0 549 -3376602
6168 0 1382 -8519417
6190 0 385 -2373649
6193 0 -278 1727461
6195 0 -125 777256
6197 0 -1228 7615701
6200 0 -403 2499433
6234 0 -240 1497943
6244 0 -780 4871971
6251 0 -166 1039997
6267 0 -259 1624092
6287 0 73 -451167
6299 0 289 -1812892
6303 0 1404 -8839484
6321 0 199 -1249911
6327 0 557 -3516209
6339 0 -645 4089774
6352 0 400 -2533732
6360 0 620 -3937705
6367 0 559 -3552421
6380 0 431 -2744142
6413 0 -190 1219371
6426 0 -435 2799653
6443 0 269 -1725442
6472 0 -250 1619304
6483 0 -5 34055
6486 0 916 -5938207
6495 0 -1081 7021326
6517 0 142 -916803
6524 0 755 -4917461
6527 0 -1424 9296140
6533 0 -1178 7696364
6552 0 -103 676825
6554 0 1293 -8469443
6556 0 385 -2518874
6572 0 354 -2317309
6591 0 34 -222956
6602 0 514 -3387719
