500
11 6433
22 9964
52 6223
57 6275
80 8845
90 3720
93 27
118 5434
120 5433
127 2450
156 8586
190 1507
203 5087
214 4199
219 7817
222 2166
228 1260
238 8371
249 4748
294 2297
305 2200
320 7543
348 9570
357 5146
358 8380
374 2932
387 4179
388 6830
404 6267
436 5019
444 4373
448 463
451 71
456 6418
462 9583
507 641
513 4759
524 7238
543 2209
560 850
576 4560
601 5099
625 4983
639 1800
641 1630
667 1054
733 1224
785 8255
788 693
805 3628
822 7885
834 4089
860 6644
893 9059
899 4740
925 7882
948 3015
950 1763
1001 8021
1004 3227
1008 8578
1039 6649
1043 5124
1066 2080
1112 1419
1114 2938
1141 3474
1161 8075
1179 3593
1211 5988
1252 7140
1272 3465
1279 5606
1280 7334
1295 5158
1297 7074
1322 2998
1350 9476
1371 2292
1387 9549
1392 5614
1394 3558
1399 5960
1421 8640
1431 6496
1437 8972
1446 664
1452 9654
1469 8361
1495 9285
1497 3228
1521 7107
1531 2226
1537 2075
1549 8283
1562 2304
1566 5651
1577 1769
1580 4333
1589 4836
1593 7564
1632 3432
1645 22
1647 5003
1651 5322
1654 7482
1675 9962
1681 334
1682 450
1686 385
1690 1146
1711 611
1722 263
1724 2626
1731 3495
1733 1772
1769 6273
1796 1025
1801 5390
1817 6525
1819 2438
1824 4806
1827 1317
1835 1250
1841 428
1845 5604
1849 7107
1865 3650
1868 394
1918 664
1970 5402
1972 5236
2007 9414
2035 6186
2065 2931
2069 2739
2080 9561
2081 6858
2089 8527
2094 2028
2104 8242
2110 7277
2123 1563
2128 213
2129 5656
2133 113
2149 475
2167 2749
2171 8854
2174 5013
2175 9302
2181 2477
2203 4296
2216 3197
2226 4197
2261 563
2282 7534
2287 6905
2294 1728
2318 6234
2321 1383
2329 1783
2348 223
2362 7470
2371 1851
2382 4212
2387 2074
2402 5147
2407 3444
2416 3266
2426 9311
2430 1719
2441 5707
2456 7440
2488 2219
2492 1227
2494 4895
2570 4638
2579 4785
2581 564
2594 1324
2596 6482
2622 3399
2625 7059
2628 3507
2659 3203
2683 3757
2700 2955
2713 383
2719 8948
2725 6645
2730 9956
2742 4090
2745 1239
2752 6816
2786 2387
2793 8114
2823 2192
2827 228
2838 660
2885 4351
2915 8786
2939 755
2940 4536
2986 4639
3019 2131
3038 1825
3132 2781
3142 9230
3152 8318
3155 4536
3161 7379
3176 5876
3178 741
3190 7919
3197 5786
3219 7546
3241 7898
3273 1724
3285 7506
3331 3897
3335 7632
3360 5686
3377 5407
3382 3664
3416 8557
3444 4137
3450 3595
3484 3440
3485 9976
3493 219
3506 4867
3515 912
3544 2570
3548 502
3564 6464
3575 270
3582 5386
3597 2476
3606 6713
3616 2138
3630 7295
3644 4952
3656 5818
3666 8350
3673 9531
3700 2250
3702 8381
3717 6561
3718 2120
3728 1124
3735 7360
3756 2126
3765 8060
3789 9072
3793 4194
3795 8923
3799 4843
3801 7838
3805 5020
3811 7987
3819 2546
3829 9724
3837 1942
3852 7283
3858 378
3860 5416
3887 1365
3907 6127
3916 8990
3946 3469
3950 5016
3953 3128
3959 2822
3976 4205
4009 2222
4013 5227
4036 6481
4047 9614
4049 9135
4094 6173
4095 2818
4098 6600
4102 2405
4110 2534
4117 6192
4133 1062
4149 918
4174 9075
4187 3620
4191 3691
4206 957
4229 5229
4232 3491
4264 1707
4272 8592
4285 9789
4296 830
4346 8473
4359 5526
4362 1274
4397 8675
4407 3321
4426 4953
4431 1843
4437 1627
4451 2574
4456 1100
4462 6524
4504 1477
4518 916
4523 7833
4525 3357
4529 52
4534 2731
4564 6687
4584 6215
4612 80
4630 9792
4646 4069
4697 8026
4700 9925
4704 849
4715 4157
4726 8409
4730 2019
4749 4927
4758 3073
4768 2860
4775 6966
4786 842
4799 7328
4818 9372
4825 8509
4830 2380
4831 9969
4843 9768
4860 1286
4866 7732
4874 131
4878 8171
4897 5974
4924 9606
4926 1785
4938 7855
4990 3167
4996 8124
5009 6009
5015 7126
5038 9326
5040 7567
5068 1956
5074 3110
5079 8366
5082 8859
5095 8933
5096 4007
5100 123
5113 4329
5120 2279
5149 6228
5154 661
5171 342
5177 8985
5191 3227
5210 9201
5218 8766
5225 6358
5226 4034
5230 2181
5273 32
5279 6277
5286 3976
5307 3071
5319 8930
5340 490
5344 6131
5369 511
5379 930
5384 8968
5391 7588
5396 8741
5424 975
5436 7255
5437 2129
5453 8537
5459 8302
5469 1548
5480 208
5482 951
5483 2022
5514 8660
5517 4613
5520 2542
5523 3815
5531 2359
5533 8772
5540 5019
5543 7927
5547 3868
5553 8344
5557 9071
5558 6782
5569 6600
5589 473
5631 4669
5681 911
5691 3037
5711 9458
5719 3474
5736 6901
5737 8981
5772 8326
5794 5242
5807 1575
5820 6373
5827 7206
5869 528
5896 4655
5900 7131
5914 3980
5938 6179
5960 5438
5968 2228
5973 4258
5997 2181
6025 697
6034 4248
6059 728
6085 6594
6100 1864
6128 2781
6131 5563
6134 3203
6156 978
6209 825
6215 5836
6232 134
6240 6314
6259 6061
6260 2761
6305 8813
6323 6801
6328 5406
6342 4077
6353 1411
6354 5686
6372 2899
6376 859
6377 5968
6412 2052
6416 8009
6419 3702
6439 971
6441 4608
6442 6817
6449 9836
6455 6157
6482 9738
6493 2453
6505 7354
6518 8622
6522 4057
6544 2052
6567 6800
6575 4211
6591 5321
6614 4198
6624 273
6639 67
6654 4451
6678 5389
6688 7383
6691 4895
6705 5810
6732 6706
6733 1726
6744 5305
6751 1710
6767 1017
6772 8929
6800 5679
6806 1657
6811 5118
6818 3997
6827 9127
6829 2885
6834 8401
6884 335
6936 8106
6962 6256
6987 1076
7047 8612
7058 3264
7069 4030
7090 925
7096 8482
7102 6413
7124 4257
7128 8344
1
7128 0 -1 8769
