500
1 8666
3 3124
6 4225
9 9763
12 9953
14 4110
18 6396
29 2705
30 4062
33 5252
36 9062
37 204
39 8727
40 4655
42 5356
43 5977
46 64
48 2136
49 1723
51 4133
52 4800
55 3834
58 8579
60 3634
62 3581
67 7273
68 7281
73 8458
74 4702
78 2054
84 4737
87 4264
89 2191
90 8212
93 7360
94 390
96 8646
97 8173
100 42
102 3209
103 4786
104 3068
107 2422
109 684
113 3084
114 5730
116 9929
122 5293
124 5826
126 4822
130 3805
131 4417
132 4391
135 1537
138 3307
143 970
146 4882
147 1540
149 8089
150 6387
152 6334
155 8634
156 2028
158 4898
159 7759
169 7899
172 6098
179 8525
180 5901
182 1128
184 7276
187 3838
188 765
191 8200
192 2886
195 7612
198 5339
200 8503
202 7273
204 2477
214 6350
215 9655
218 3993
221 1854
222 4607
226 2002
227 9090
228 9795
233 3052
234 649
235 550
238 2586
244 1636
246 1188
247 9540
249 154
253 4534
254 8181
259 2697
260 550
264 8239
268 5363
271 2131
275 1456
277 3962
279 6264
281 202
283 710
284 6126
288 4958
290 1358
292 6426
295 8235
300 2144
302 939
304 5202
308 8452
309 7351
311 2943
314 9338
316 9102
319 8426
320 9576
322 4050
325 8441
327 891
329 7452
332 6205
336 9074
337 2296
341 3313
342 7190
344 6675
350 1105
353 7644
355 2463
359 5603
360 8975
362 960
363 2495
369 8388
371 9725
372 1341
374 8654
375 6215
379 908
382 264
384 5019
386 1209
387 9758
389 2265
390 1091
392 2898
395 8198
402 2401
404 4165
406 2934
407 4221
408 7979
410 2605
412 5199
413 1796
414 7247
416 8636
423 8114
425 3660
428 3581
429 3404
439 2312
445 1355
446 5326
451 3847
452 5981
454 4426
456 940
457 3681
459 5365
461 2923
462 1501
464 9945
465 3626
467 7705
469 6191
470 5734
471 923
473 260
474 2166
477 164
479 3916
480 1059
481 4407
483 7777
485 2000
487 5420
490 3308
492 343
493 5789
495 8932
496 869
498 7951
499 6870
501 8729
502 6869
504 3694
509 8358
511 8773
513 7836
517 3082
519 6363
521 607
522 4610
525 7721
527 1535
528 9338
530 2729
531 6610
534 6424
536 3179
539 9595
542 3785
543 5371
545 2602
549 2009
551 1374
553 3278
555 9383
557 4520
559 7882
560 3095
562 315
563 163
564 1057
567 8882
570 2358
573 2824
575 1679
579 5939
581 7036
582 8055
584 7982
585 3539
587 1009
589 5641
591 1753
593 3969
596 8080
598 8375
601 7036
603 9586
608 8066
611 541
613 1303
616 6076
617 5246
619 6135
620 7240
622 6183
623 9724
624 1953
629 958
630 1776
631 2897
633 6432
638 3072
640 1113
642 3883
643 5505
645 6324
647 7419
649 3683
652 1461
653 9059
655 1871
660 1312
662 5178
663 2302
665 4036
669 3110
672 2727
674 7673
676 8206
678 1258
680 1571
682 2019
686 7024
688 6404
690 8640
691 5810
693 7581
694 1056
695 815
697 9747
701 8774
705 5895
708 1409
711 2575
714 2960
719 7209
721 8814
722 3382
723 7356
725 3082
727 111
730 7389
739 4997
740 6029
741 8987
742 2113
745 478
746 6467
748 8179
749 2738
750 6016
753 3192
757 7535
759 3146
761 914
762 9589
763 2139
766 8050
767 6089
769 4976
772 836
775 1171
784 1771
790 4212
791 5664
793 9507
794 5993
795 1882
796 8593
799 9651
802 2981
804 9956
806 7097
809 461
812 4406
815 3815
816 5992
817 5588
819 5612
820 5986
822 8071
824 7241
826 1557
830 5584
831 9103
835 6825
836 785
838 9015
843 1800
846 1322
851 4489
855 528
856 2469
860 5984
862 6957
863 4920
864 6167
867 8106
870 840
873 7464
874 3985
877 4979
878 4484
883 3336
886 9505
890 4317
896 2986
898 9836
901 2542
903 7785
906 8329
907 9793
910 5691
915 4213
917 5424
920 937
921 9013
923 857
925 319
927 1332
932 3421
934 337
935 2034
941 2421
945 9280
949 8297
951 3654
953 2619
957 2821
959 9862
960 5567
963 9583
965 3095
970 8062
972 4000
974 1442
975 7987
976 7653
977 1207
983 2080
988 1209
990 3609
992 7809
994 4770
997 1443
998 5455
1002 9482
1003 700
1006 7856
1010 8609
1013 8255
1014 8940
1016 539
1017 1531
1018 2754
1022 8651
1024 7700
1028 2957
1030 4949
1034 610
1037 7279
1039 9658
1043 5524
1048 1240
1049 4536
1051 8489
1053 8043
1055 6232
1057 1406
1061 6158
1063 6481
1064 5969
1065 5206
1068 6801
1069 1264
1070 4594
1073 4610
1076 5448
1077 6269
1082 1922
1085 36
1088 6477
1092 9653
1095 426
1097 2536
1098 6324
1101 3873
1103 5495
1111 2215
1112 8933
1115 7682
1119 8980
1121 3640
1126 8023
1128 7809
1130 1638
1134 2927
1136 2108
1138 2585
1144 9489
1146 8440
1147 186
1149 8059
1150 2946
1152 8167
1158 1278
1162 3391
1165 1731
1167 3342
1168 7964
1173 584
1175 2511
1176 5969
1178 453
1179 1628
1181 6350
1182 7253
1184 9549
1186 5310
1187 7600
1190 9597
1192 4658
1194 6816
1203 9013
1204 8412
1208 2970
1210 4358
1211 53
1218 7536
1219 1742
1223 8722
1225 1031
1227 6734
1229 6283
1231 8280
1232 391
1233 7364
1235 1261
1
1235 0 -2 9785
