500
2 3042
6 6407
9 5571
17 3916
27 3788
28 5955
32 8564
66 4827
93 5196
104 7677
148 1808
163 8760
184 9423
196 7421
219 3321
238 8842
263 8377
265 7032
270 3445
276 3713
304 6144
310 1165
318 1133
327 4322
335 1760
377 3148
380 8526
406 61
417 714
423 5385
426 9216
429 3309
430 8508
436 213
480 7761
492 6872
493 9706
498 6856
499 2644
501 9213
506 4288
517 4503
521 8355
553 3693
568 5167
591 3245
602 4406
611 716
625 8965
631 3283
639 8266
656 9428
675 2736
687 6585
695 3862
705 6256
719 6876
720 3381
729 1704
736 8546
748 1092
788 3342
812 7630
815 1606
818 3383
832 1863
843 9552
866 6064
869 7756
871 5813
879 7132
904 4801
907 663
940 8790
953 3017
967 1648
970 8712
999 9572
1001 8928
1006 1181
1018 1102
1039 5778
1059 3276
1061 1926
1073 1008
1096 3906
1109 3954
1139 5280
1175 6505
1177 2947
1191 9004
1209 8507
1210 186
1216 7134
1217 6107
1227 2298
1232 4329
1242 454
1376 5354
1386 3776
1416 2360
1418 1884
1428 7799
1429 765
1432 3326
1437 2432
1462 521
1483 1486
1501 1174
1502 4178
1511 2455
1544 6653
1548 7806
1568 3263
1599 2134
1615 8266
1646 8179
1656 4773
1660 3421
1750 7456
1754 6452
1768 2278
1774 6691
1784 6108
1802 8177
1805 8313
1819 5587
1856 68
1866 422
1893 7337
1907 8016
1916 4294
1921 9167
1939 9131
1947 7669
1960 1712
1968 7743
1996 5903
2002 8765
2066 9378
2077 6651
2100 9426
2122 1717
2135 3818
2154 5319
2178 6568
2224 2044
2237 6292
2251 2832
2262 3529
2272 5799
2314 282
2318 1405
2328 7055
2335 36
2357 7771
2378 6725
2380 7012
2393 1685
2450 8157
2461 4609
2474 5237
2485 1192
2502 5442
2510 3631
2534 5977
2556 4133
2558 6808
2561 9980
2573 5769
2574 8849
2602 8974
2629 6786
2640 9625
2646 343
2648 749
2659 175
2675 3414
2709 8339
2720 1139
2745 5420
2769 8849
2778 9439
2817 272
2821 1518
2834 678
2851 8428
2865 7753
2879 4150
2881 5267
2891 4252
2916 3187
2949 9460
2966 4677
2977 2894
2991 3107
3001 2016
3034 4520
3091 3849
3095 4077
3104 4772
3192 1534
3201 8000
3212 1641
3234 3063
3245 6215
3247 1704
3250 8836
3257 3225
3275 8505
3288 5209
3298 1549
3310 2605
3316 6832
3353 5477
3355 7480
3380 2577
3390 650
3424 3657
3437 5128
3440 3302
3455 3259
3457 4282
3464 3669
3474 7615
3477 1198
3542 2433
3619 5890
3622 5056
3627 8451
3645 7015
3670 3578
3672 3247
3717 7618
3719 9178
3810 6294
3836 3287
3841 358
3862 6177
3870 3349
3891 722
3897 9367
3910 8667
3932 7846
3947 2490
3962 5207
3972 5320
3979 7716
4003 6079
4008 6825
4040 9200
4051 6576
4069 6849
4081 1878
4100 1658
4102 8822
4111 5342
4116 1749
4122 5446
4134 2141
4144 1385
4146 665
4152 4663
4159 9270
4175 166
4183 6172
4197 8632
4204 6175
4211 5552
4225 1486
4237 8099
4242 4911
4274 2983
4277 1756
4280 3460
4282 7779
4308 6664
4333 4930
4388 2538
4403 845
4405 3012
4425 7112
4452 9485
4479 4735
4482 3237
4493 1634
4503 4143
4505 4788
4510 6500
4514 1509
4550 1705
4564 6498
4579 7482
4587 7017
4617 2493
4628 1457
4654 7421
4662 2009
4665 3167
4668 8317
4670 7945
4708 9857
4713 6219
4718 7400
4732 4059
4738 7447
4743 2010
4762 3468
4796 9523
4798 254
4825 5862
4857 9295
4862 2439
4882 1136
4892 2097
4905 2341
4909 2355
4912 2933
4924 8041
4936 1973
4953 1200
4963 6843
4974 1461
4995 8868
5021 310
5055 5824
5068 1886
5077 3778
5079 8977
5085 2507
5094 2887
5099 7212
5138 5476
5173 3262
5178 1987
5183 3496
5193 4954
5207 2993
5217 7942
5220 2359
5228 7642
5257 3609
5262 5981
5268 7237
5294 1876
5308 2327
5316 283
5368 8485
5380 7451
5384 8285
5386 2421
5391 3905
5394 9091
5396 1198
5463 1156
5475 1514
5476 7088
5480 8824
5490 4749
5508 4888
5518 2536
5526 7795
5542 3339
5550 7062
5553 5303
5567 6664
5571 6383
5594 5261
5613 8737
5614 1676
5616 2222
5630 9826
5633 8686
5658 8787
5669 4567
5704 2720
5710 9744
5715 8834
5729 1144
5731 7634
5740 4346
5745 6962
5781 6791
5786 5002
5793 7506
5796 6749
5798 2944
5808 9974
5813 681
5871 6258
5875 8782
5893 5459
5897 418
5909 8005
5927 8966
5940 4866
5977 5103
5983 3165
5985 7995
5991 3770
5993 1567
6004 7736
6008 6927
6011 8091
6020 2077
6024 7698
6042 2140
6056 8051
6060 1730
6083 1902
6100 49
6109 3664
6115 4895
6120 8280
6132 7245
6138 235
6158 3594
6165 4478
6175 8294
6179 6281
6192 1953
6198 4816
6216 7618
6245 8984
6248 6218
6256 7254
6260 5229
6262 2629
6264 5381
6281 7614
6292 5987
6296 8442
6299 9604
6321 3053
6353 7634
6384 8096
6388 6897
6391 9482
6393 831
6399 3008
6403 4886
6409 7084
6416 4736
6425 7560
6443 898
6453 2671
6492 7805
6497 2076
6509 2035
6519 7819
6533 4417
6534 9753
6546 3193
6567 5502
6582 2841
6596 2694
6629 8757
6639 3506
6670 1825
6677 3679
6692 6207
6707 4967
6722 9523
6732 4381
6746 1018
6774 2431
6787 3014
6829 5790
6860 44
6896 8174
6898 5547
6932 6930
6937 8083
6964 5166
6969 3353
7001 3651
7014 7268
7026 7346
7038 8694
7057 6271
7067 583
7078 9834
7083 5204
7084 9750
7113 2197
7116 4353
7121 3421
7159 9332
7175 7607
7190 1034
7211 5322
7227 2796
7244 4953
7251 4896
7263 6954
7281 6196
7318 1752
7351 6562
7374 1034
7380 8664
500
4 -7 23 6442
12 -94 2013 -1650
17 260 -6625 43041
26 86 -3693 44146
34 -76 3813 -38465
40 176 -12175 210867
53 -51 4003 -68677
57 446 -50898 1454711
66 -59 7366 -221226
69 983 -129722 4279823
71 155 -21855 776329
178 0 -44 12286
203 5 -1814 167654
208 -81 32759 -3302985
214 49 -20293 2107213
217 10 -4296 461679
234 5 -2278 265085
242 -60 28613 -3404406
297 -3 1665 -221114
316 -26 15902 -2426487
320 6 -3790 599683
326 -53 34642 -5651440
330 -77 50312 -8212923
339 22 -14912 2529407
356 -6 4185 -721352
385 2 -1547 302258
397 -44 34151 -6619067
409 13 -10638 2182728
422 11 -9155 1910187
429 35 -29723 6310481
431 26 -22275 4776606
440 37 -32168 7000086
491 0 103 -43737
519 9 -8897 2202663
564 1 -1118 319932
573 25 -28251 7983174
576 -3 3433 -973666
589 -21 24554 -7167531
595 -2 2356 -686740
601 8 -9539 2849531
615 -22 26547 -8004783
625 8 -9890 3063603
637 20 -24985 7803598
647 8 -10238 3277222
660 7 -9149 2989452
662 2 -2649 879235
690 11 -14722 4928925
707 3 -4171 1453223
714 -15 21258 -7525914
731 -1 1447 -517995
758 3 -4553 1734538
812 1 -1606 651830
835 -4 6582 -2700781
838 -11 18412 -7697399
857 -7 11976 -5112926
858 2 -3434 1477596
881 2 -3468 1512860
916 -1 1772 -778492
918 6 -11010 5056044
941 7 -13091 6120981
945 -6 11342 -5350963
983 1 -1963 971254
988 -1 1974 -969294
1060 0 -35 43978
1091 7 -15032 8076862
1099 -7 15389 -8457348
1114 -6 13321 -7385427
1118 1 -2226 1240410
1133 -1 2266 -1280874
1137 2 -4545 2586509
1193 -3 6823 -3869733
1204 1 -2398 1446454
1225 5 -12259 7514958
1233 6 -14768 9095314
1274 1 -2513 1586482
1281 -6 15279 -9724390
1283 4 -10255 6580201
1294 3 -7740 4992423
1296 -4 10352 -6687752
1314 5 -13112 8603632
1317 -4 10504 -6892025
1348 -1 2686 -1800488
1381 1 -2736 1879440
1388 0 99 -134264
1392 5 -13923 9694155
1399 -2 5572 -3878826
1408 -2 5620 -3947257
1409 -3 8460 -5959914
1413 3 -8465 5976224
1443 -3 8534 -6059750
1448 0 1749 -2523692
1467 0 -192 286120
1470 -3 8808 -6458132
1473 -3 8834 -6501153
1488 1 -2965 2205406
1492 4 -11896 8849298
1509 -1 2991 -2230168
1525 0 -451 690000
1553 1 -3089 2385588
1565 2 -6264 4906694
1569 0 1512 -2365342
1574 -1 3147 -2466399
1627 2 -6342 5030676
1646 3 -9816 8030424
1653 -3 9870 -8112078
1657 -3 9930 -8214652
1673 -2 6693 -5593003
1683 2 -6708 5631176
1706 0 43 -63662
1710 0 1940 -3308164
1721 -1 3432 -2938926
1725 2 -6883 5923130
1727 0 4737 -8171188
1731 2 -6926 6001773
1742 -1 3465 -2999281
1759 0 283 -491593
1771 -2 7056 -6217928
1772 -3 10628 -9411632
1779 2 -7089 6284702
1795 0 392 -697203
1817 3 -10824 9767672
1833 -1 3658 -3336563
1911 0 -113 216748
1934 0 -413 798789
1937 0 -2947 5709240
1998 1 -3932 3866863
2008 2 -8017 8042771
2016 0 -968 1953039
2032 -1 4054 -4103864
2045 -2 8145 -8284611
2134 -1 4157 -4311177
2140 -2 8562 -9163046
2155 1 -4302 4632214
2180 2 -8678 9421732
2203 1 -4410 4870911
2216 1 -4428 4910554
2226 1 -4447 4946823
2230 0 -1836 4095072
2237 -1 4464 -4973674
2239 1 -4480 5019881
2244 -1 4482 -5012207
2245 1 -4491 5045610
2287 -1 4535 -5133079
2290 -1 4572 -5225138
2301 -1 4591 -5263413
2323 -1 4633 -5363926
2341 -1 4660 -5422538
2352 0 787 -1841254
2361 0 369 -863988
2378 0 229 -538880
2380 0 328 -773937
2388 0 -235 568729
2402 -1 4795 -5745247
2410 -1 4809 -5771699
2421 1 -4818 5811933
2426 -1 4848 -5868949
2429 -1 4852 -5884560
2437 0 391 -945533
2461 -1 4870 -5922923
2480 0 93 -226555
2485 1 -4972 6183667
2505 1 -5002 6259848
2527 -1 5049 -6372624
2534 -1 5054 -6378856
2562 -1 5128 -6568188
2576 -1 5125 -6564777
2597 1 -5193 6746517
2602 0 -570 1486704
2603 -1 5203 -6765349
2620 1 -5236 6860073
2644 -1 5281 -6963853
2664 0 314 -829932
2698 -1 5384 -7239470
2713 -1 5427 -7358486
2728 -1 5432 -7372612
2747 1 -5469 7484262
2752 0 1690 -4641696
2770 1 -5525 7638670
2806 1 -5592 7818983
2808 1 -5615 7882437
2810 0 928 -2600294
2870 -1 5608 -7856983
2876 1 -5748 8260350
2878 -1 5751 -8260376
2891 -1 5778 -8337603
2924 0 -276 807823
2927 -1 5846 -8540741
2949 1 -5858 8587127
2956 1 -5912 8742544
2962 -1 5914 -8739699
2963 0 -1349 3998313
2971 -1 5928 -8775456
2976 0 1812 -5383252
2985 -1 5952 -8850266
2986 0 2383 -7109196
3000 0 398 -1184536
3003 -1 6004 -9008466
3054 -1 6100 -9297220
3091 1 -6176 9537597
3106 1 -6205 9634763
3113 1 -6217 9670574
3131 0 -418 1309884
3171 0 -154 490281
3192 0 273 -864146
3223 0 289 -921542
3243 0 222 -715463
3257 0 -674 2195274
3261 0 840 -2735727
3275 0 22 -68009
3279 0 194 -627518
3290 0 -365 1205658
3311 0 476 -1566040
3324 0 -112 379573
3329 0 1427 -4741629
3364 0 -117 397620
3393 0 -75 261537
3419 0 -162 559335
3433 0 -311 1068323
3434 0 363 -1242857
3438 0 -1114 3835437
3442 0 -2130 7332824
3452 0 -343 1187837
3455 0 1020 -3516991
3472 0 -484 1681355
3474 0 2136 -7414075
3481 0 -552 1927327
3487 0 1548 -5388074
3488 0 2040 -7112567
3496 0 457 -1593209
3505 0 111 -382625
3512 0 1319 -4622788
3524 0 -220 779698
3534 0 -697 2463280
3539 0 595 -2102252
3548 0 188 -663879
3588 0 -12 44714
3590 0 -1371 4924659
3614 0 -334 1207640
3618 0 -1796 6500056
3625 0 -957 3469932
3651 0 289 -1046191
3656 0 -1486 5432995
3662 0 -1419 5196851
3663 0 -1256 4605708
3688 0 -337 1244130
3691 0 -2116 7812872
3700 0 361 -1332155
3734 0 -202 755809
3742 0 -666 2494909
3764 0 -430 1618658
3787 0 43 -155866
3791 0 1881 -7121148
3801 0 377 -1426019
3826 0 387 -1470752
3830 0 24 -88306
3839 0 -217 837004
3855 0 39 -145860
3873 0 -182 707822
3880 0 -26 103761
3885 0 1166 -4523537
3910 0 305 -1184466
3922 0 374 -1458323
3927 0 -1888 7414180
3935 0 -659 2594512
3944 0 652 -2562522
3953 0 665 -2620535
3971 0 28 -110599
3988 0 212 -840739
3996 0 865 -3448918
3999 0 -1042 4169334
4015 0 -233 937402
4017 0 934 -3749826
4025 0 270 -1083766
4038 0 -563 2273522
4041 0 2282 -9213374
4066 0 257 -1037350
4077 0 881 -3582027
4099 0 -70 292724
4156 0 -113 470340
4185 0 85 -348000
4212 0 44 -179441
4214 0 -766 3231801
4220 0 682 -2871172
4233 0 290 -1220282
4234 0 -283 1201604
4243 0 554 -2343464
4261 0 354 -1498458
4271 0 419 -1784320
4275 0 -154 665111
4280 0 1158 -4946290
4298 0 -285 1229185
4319 0 -207 896336
4326 0 -73 322118
4360 0 11 -39212
4373 0 223 -965959
4391 0 256 -1118502
4402 0 -248 1098522
4412 0 369 -1623262
4422 0 957 -4222083
4433 0 631 -2788197
4462 0 -129 580470
4467 0 -766 3423829
4491 0 148 -654942
4516 0 306 -1373005
4524 0 -606 2743767
4556 0 -270 1230512
4560 0 234 -1065483
4582 0 -111 514021
4584 0 29 -128964
4585 0 888 -4061739
4628 0 86 -392403
4658 0 -70 328051
4677 0 -290 1357917
4705 0 258 -1205605
4723 0 -126 600363
4727 0 1091 -5151424
4741 0 314 -1483635
4751 0 -898 4267384
4756 0 -390 1861756
4767 0 -878 4185502
4770 0 -2023 9650568
4778 0 -1056 5045644
4781 0 -191 918522
4784 0 -1118 5348634
4791 0 656 -3136399
4800 0 300 -1430130
4811 0 -879 4229146
4813 0 -296 1430571
4818 0 1505 -7243560
4826 0 -956 4615324
4873 0 163 -784579
4876 0 128 -623223
4886 0 509 -2480461
4892 0 562 -2744721
4912 0 -270 1326309
4947 0 117 -572079
4955 0 -1232 6104670
4961 0 1254 -6212134
4964 0 -277 1377902
4966 0 -1611 8005223
4973 0 751 -3727886
4986 0 330 -1639184
5003 0 94 -463588
5015 0 -707 3546348
5033 0 -288 1450897
5036 0 -677 3411917
5040 0 729 -3669463
5053 0 -528 2670750
5091 0 184 -927100
5148 0 -111 572234
5189 0 55 -282880
5231 0 103 -529876
5240 0 -383 2012538
5246 0 -1048 5499247
5257 0 -894 4699797
5278 0 356 -1870488
5282 0 1119 -5905379
5287 0 -1264 6686252
5305 0 -391 2075376
5312 0 1130 -5993147
5314 0 -843 4484014
5326 0 -764 4069888
5330 0 1679 -8942036
5354 0 101 -537146
5387 0 267 -1429372
5390 0 -875 4723523
5409 0 -483 2612709
5415 0 -1446 7831348
5438 0 160 -862792
5445 0 -266 1455627
5455 0 98 -524848
5459 0 62 -331581
5513 0 -179 987124
5527 0 673 -3709970
5532 0 1572 -8688433
5564 0 201 -1110892
5569 0 -713 3975671
5575 0 361 -2006244
5580 0 1428 -7959995
5585 0 -125 699100
5598 0 -296 1658251
5613 0 192 -1070078
5626 0 -681 3832409
5649 0 103 -578735
5661 0 -363 2058503
5712 0 189 -1069881
5715 0 -724 4139469
5744 0 -212 1218657
5757 0 -54 311177
5802 0 128 -732998
5847 0 -6 44470
5850 0 -862 5046252
5860 0 712 -4164552
5929 0 119 -697310
5934 0 149 -875688
5959 0 31 -181200
5992 0 -221 1326893
5996 0 1249 -7482110
6005 0 -257 1548647
6008 0 711 -4264489
6010 0 1134 -6809770
6026 0 288 -1730822
6029 0 -1470 8862866
6032 0 -1074 6482608
6036 0 370 -2226945
6052 0 -198 1198495
6073 0 55 -328465
6076 0 1074 -6520308
6079 0 1268 -7700404
6087 0 -968 5893713
6089 0 -1063 6474865
6095 0 -1165 7102843
6104 0 -850 5189398
6107 0 -578 3537778
6109 0 1480 -9038240
6126 0 -46 288972
6135 0 -873 5357560
6138 0 1516 -9296419
6167 0 -187 1157100
6195 0 -303 1878303
6212 0 119 -732644
6216 0 1028 -6384783
6222 0 324 -2010767
6227 0 -1006 6268296
6229 0 -615 3838946
6274 0 88 -545628
6293 0 76 -474877
6309 0 393 -2471555
6324 0 -639 4041261
6333 0 -608 3853151
6380 0 176 -1113682
6399 0 -483 3091423
6403 0 -1331 8524969
6408 0 936 -5991934
6411 0 1372 -8788238
6416 0 -1480 9496387
6431 0 -627 4032585
6461 0 203 -1302270
6484 0 -131 849523
6512 0 -193 1257991
6526 0 425 -2764537
6534 0 515 -3360480
6576 0 -203 1335650
6586 0 58 -379721
6590 0 -350 2312425
6596 0 -21 138768
6605 0 -427 2826282
6628 0 400 -2641303
6638 0 -268 1783529
6644 0 15 -91226
6663 0 176 -1162857
6667 0 654 -4355753
6700 0 25 -166623
6709 0 569 -3811210
6724 0 113 -755521
6735 0 654 -4395546
6746 0 457 -3076373
6748 0 -1282 8651362
6782 0 144 -967829
6811 0 -126 860941
6883 0 40 -267881
6899 0 154 -1055705
6901 0 -1421 9808785
6903 0 1224 -8440560
6905 0 -779 5385558
6942 0 -131 911142
6951 0 450 -3119371
6953 0 746 -5181648
6958 0 -1055 7343069
6960 0 323 -2238272
6974 0 238 -1652757
6979 0 670 -4667114
6980 0 661 -4604249
6997 0 -490 3428552
7017 0 -150 1058871
7041 0 274 -1921752
7053 0 298 -2097477
7064 0 83 -577656
7066 0 -1034 7308213
7073 0 461 -3251213
7078 0 -1270 8991525
7096 0 358 -2531589
7106 0 -329 2341101
7144 0 -4 35168
7162 0 280 -1998910
7181 0 -498 3576549
7276 0 55 -391217
7277 0 330 -2394728
7281 0 -1029 7493401
7287 0 1167 -8494907
7302 0 -233 1703264
7304 0 1263 -9221757
7312 0 841 -6139866
7321 0 1057 -7728754
7338 0 -487 3574507
7356 0 -334 2459518
7360 0 155 -1134233
7363 0 1020 -7503301
7365 0 -344 2535873
7380 0 630 -4639451
