500
2 4023
27 1181
44 228
55 93
70 2138
79 1066
100 209
101 432
103 2240
106 550
136 8599
161 5410
170 8996
209 9142
218 8019
222 6666
225 5412
250 701
264 6496
266 9484
272 8546
277 9163
280 6091
285 5409
290 8240
305 4591
318 4055
355 9659
373 6187
388 4005
392 3643
406 9703
408 3475
411 2897
428 2301
439 9534
441 6576
462 3853
464 9463
469 6790
479 6242
489 9925
491 7011
494 560
509 4411
510 9376
523 7608
525 4968
536 5512
547 950
554 4964
561 7637
568 311
588 9549
624 6131
632 5939
637 5876
639 5366
645 9908
647 8712
653 4186
676 8908
682 9784
685 4339
688 6925
713 7080
714 7656
748 3603
749 3432
754 2358
794 371
796 379
809 1057
813 9560
825 244
828 3914
840 3787
847 4914
853 2459
865 6002
882 9085
893 6295
898 552
904 1883
910 7182
914 2818
916 6438
926 4870
937 4493
942 9306
966 5553
978 251
979 911
989 7426
992 8677
997 2291
1006 7620
1015 9046
1017 4878
1050 2147
1056 7424
1058 6867
1065 7615
1068 2379
1074 7868
1085 307
1102 6816
1105 9195
1109 9410
1117 3737
1126 8757
1137 7277
1139 9941
1141 732
1143 9877
1147 1021
1152 2901
1164 9791
1168 5477
1177 8331
1181 5861
1186 9932
1196 3737
1202 9828
1210 2660
1219 4077
1220 214
1228 9851
1231 8979
1239 8115
1246 2134
1260 2352
1278 7871
1283 150
1298 3889
1300 4651
1305 4059
1307 6869
1310 7053
1313 8572
1328 4918
1335 9625
1339 5948
1349 3698
1355 7423
1373 9063
1379 1976
1384 5042
1387 2468
1412 4258
1424 6400
1430 2771
1457 1913
1465 6393
1476 7922
1477 4375
1504 5122
1519 3462
1522 1667
1542 8599
1570 4216
1574 7187
1608 6123
1629 5712
1636 9946
1643 9358
1654 5544
1685 5211
1689 3140
1741 1873
1768 9295
1776 1622
1782 3054
1798 2048
1804 3175
1807 4209
1809 4329
1812 133
1815 7232
1820 6340
1824 1190
1829 3670
1835 6548
1840 105
1842 8247
1859 8323
1867 5113
1868 7152
1875 2928
1886 9679
1889 8948
1894 9507
1906 571
1909 7465
1912 5860
1915 6396
1953 5010
1958 2781
1968 3634
1977 9331
1979 1880
1986 798
1990 1726
2000 6419
2007 8232
2013 3116
2015 3561
2031 748
2034 7173
2039 6841
2050 3145
2059 1482
2080 7290
2089 5308
2092 360
2102 7661
2104 8946
2114 8007
2118 5512
2122 9690
2127 801
2131 2370
2133 6417
2142 1453
2157 4269
2162 6557
2178 836
2181 8012
2194 7981
2201 1350
2203 3251
2215 7435
2231 9093
2240 4603
2262 9814
2267 4308
2306 1951
2316 4709
2319 9701
2323 6804
2351 3605
2376 6276
2378 9182
2411 514
2421 241
2423 1980
2424 679
2427 8933
2437 357
2453 4868
2459 6556
2463 2629
2485 3487
2497 3692
2505 1528
2513 5235
2537 5673
2545 8343
2553 6011
2563 4210
2564 8407
2579 4925
2582 8268
2587 4257
2594 4802
2598 9260
2603 2876
2627 2839
2630 8672
2666 6446
2690 9783
2703 6266
2706 5609
2717 1315
2728 7408
2732 2481
2748 8833
2750 5650
2751 1451
2755 2237
2756 7305
2758 9151
2762 7865
2765 862
2767 2815
2775 9266
2794 6491
2796 4316
2804 6228
2813 6037
2830 5410
2845 1787
2861 2342
2873 9509
2875 4218
2876 8070
2880 3267
2906 4085
2915 829
2919 5569
2936 2501
2941 8208
2958 4139
2978 2172
2979 5786
2981 5588
2985 129
2989 3268
2998 9269
3008 393
3010 1023
3012 5787
3017 7041
3019 7726
3034 2803
3055 385
3059 925
3073 6693
3077 7081
3078 78
3084 6080
3086 958
3127 1770
3130 7150
3146 4013
3155 6744
3166 6326
3168 267
3171 175
3177 5245
3181 769
3199 4855
3208 7607
3211 2574
3215 6599
3216 5953
3247 9609
3260 6549
3266 610
3271 568
3284 2734
3288 2948
3290 4055
3293 2271
3295 6001
3297 1145
3306 2355
3310 7183
3331 4060
3334 7816
3338 6494
3357 5901
3359 1467
3369 4344
3376 4893
3379 2953
3393 7468
3398 5936
3399 7154
3433 5753
3435 9534
3451 5911
3459 5422
3464 3067
3478 4366
3479 5549
3481 9363
3486 8782
3505 9346
3507 3375
3509 5765
3511 926
3515 883
3530 8427
3533 1408
3537 1527
3546 1070
3578 3213
3598 502
3602 7393
3618 5746
3634 5315
3635 4236
3644 547
3655 693
3660 3334
3662 3579
3718 988
3722 7486
3724 2414
3736 9275
3738 769
3744 3884
3748 6931
3756 5177
3762 1271
3773 3403
3780 9147
3801 6462
3824 7600
3834 4573
3835 1438
3838 8101
3839 2780
3843 8832
3849 5042
3851 8908
3874 9361
3891 5364
3892 5945
3897 4758
3912 5207
3928 6336
3932 6718
3941 6957
3948 9042
3953 2059
3954 6937
3956 6155
3957 7120
3968 8759
3971 8787
3977 8178
3978 2187
4016 9845
4035 5286
4046 4226
4061 9040
4064 5077
4069 8345
4070 4546
4091 2629
4097 5876
4100 2398
4107 4939
4108 6865
4111 1512
4124 5661
4126 1207
4127 7433
4139 2920
4152 4527
4159 5975
4173 6832
4176 5861
4189 362
4193 2792
4196 6071
4240 9784
4257 6910
4258 5048
4265 447
4267 1615
4282 9450
4290 9542
4294 9671
4322 6292
4336 3418
4343 6198
4346 5456
4350 5698
4360 354
4362 5009
4374 9819
4375 9108
4400 5980
4429 9901
4431 3182
4437 9709
4439 5549
4460 1790
4473 4412
4475 4457
4477 6786
4481 6601
4496 160
4498 5318
4518 9407
4527 6585
4536 7475
4565 6176
4580 9514
4584 8923
4587 7382
4591 1884
4596 433
4603 2953
4618 3163
4628 8570
4635 3670
4653 5689
4660 3151
4667 521
4679 5179
4684 5092
4686 2422
4700 5693
4704 1940
4709 9583
4734 3004
500
6 183 -1984 8225
12 -198 3536 -8735
13 -4068 102351 -640748
20 -144 3570 -13737
32 50 -2967 45531
38 -89 6697 -121893
51 53 -5444 139804
76 -13 1998 -67500
83 -169 27125 -1079766
88 -148 24710 -1027991
101 -39 7388 -342248
109 -94 19664 -1025706
123 -42 9618 -541440
130 184 -46461 2935771
133 103 -27073 1788379
153 -17 5156 -383024
156 134 -41942 3285326
226 0 -59 16001
230 13 -5906 678244
237 -7 3269 -375935
239 -29 13778 -1634111
248 62 -29589 3530858
249 -37 18434 -2293481
253 -16 8071 -1016233
269 7 -3725 501748
283 20 -11194 1571024
286 -56 31657 -4468355
288 -57 32491 -4628037
298 -86 51120 -7587111
300 -111 66369 -9912246
309 5 -3003 455392
318 -88 55415 -8719373
326 -93 59027 -9358414
328 43 -27961 4545542
329 42 -27555 4522086
332 -24 15802 -2592738
361 8 -5446 927938
363 22 -15908 2879977
373 11 -8144 1509899
375 -44 32794 -6109469
388 29 -22497 4365579
407 17 -13633 2736520
424 18 -14853 3064422
425 -34 28940 -6157073
427 53 -44994 9550731
428 -29 24881 -5331211
431 -25 21520 -4630250
436 25 -21740 4733744
452 -16 14080 -3091261
468 11 -10030 2292967
489 -12 11709 -2849228
493 40 -39299 9661567
502 28 -27745 6873855
518 37 -37726 9618769
521 27 -27938 7233096
523 6 -6244 1632921
525 -8 8355 -2174349
542 19 -20004 5268285
543 -31 33625 -9114145
552 -10 10991 -3014551
570 4 -4464 1248841
571 -27 30873 -8824843
574 14 -16026 4595043
581 -3 3450 -991591
600 -15 17649 -5188192
621 22 -27041 8314442
633 -23 28960 -9110944
641 -24 30815 -9887022
645 16 -20501 6572283
654 -21 27243 -8826517
656 -9 11779 -3845641
693 -5 6681 -2228685
699 -2 2771 -951401
703 6 -8417 2954412
705 -4 5648 -1992558
739 -7 9856 -3459961
743 8 -11870 4408935
749 11 -16470 6170304
750 -14 21024 -7888373
755 3 -4498 1692819
761 -6 9114 -3453421
765 -14 21306 -8103076
766 -14 21438 -8200674
767 -1 1536 -582632
777 -5 7738 -2991242
779 -11 17126 -6657046
784 -13 20240 -7876192
788 -13 20404 -8002948
797 12 -19025 7547571
826 -6 9582 -3818759
828 2 -3304 1372013
833 -10 16541 -6838792
837 3 -5014 2096119
840 -7 11774 -4945950
843 11 -18531 7808746
851 -13 22098 -9380975
854 -12 20439 -8700228
857 -6 10240 -4367862
871 4 -6885 2970020
880 -3 5237 -2283497
884 3 -5294 2337925
888 -10 17764 -7885781
889 7 -12444 5532583
894 3 -5333 2376224
900 -8 14339 -6415298
916 -2 3636 -1644355
928 -3 5533 -2549763
936 -6 11162 -5189667
938 -5 9358 -4375172
974 1 -1914 919938
996 -9 17656 -8649945
1008 -5 9987 -4984556
1022 -4 8117 -4113026
1035 1 -2071 1074500
1052 3 -6287 3297374
1059 -6 12614 -6621703
1065 -8 16996 -9026386
1092 8 -17278 9337056
1102 1 -2194 1210259
1108 -1 2208 -1214281
1112 3 -6648 3684561
1114 -6 13369 -7446514
1129 -6 13455 -7542700
1139 7 -15834 8957246
1172 -2 4692 -2748127
1186 2 -4740 2811170
1189 -5 11862 -7030035
1192 -6 14292 -8510094
1193 5 -11912 7103343
1201 0 381 -453544
1212 3 -7244 4375599
1229 -5 12163 -7392924
1236 6 -14829 9166091
1238 -4 9899 -6118471
1251 6 -14997 9375504
1255 -1 2505 -1560113
1261 -3 7569 -4769993
1266 -3 7578 -4784559
1276 1 -2530 1603297
1279 -2 5105 -3252082
1283 -1 2565 -1635319
1325 5 -13048 8518525
1362 1 -2693 1820044
1379 4 -10892 7418990
1398 3 -8376 5848018
1399 2 -5600 3922369
1403 2 -5598 3924799
1412 1 -2811 1985196
1415 2 -5652 3994888
1417 -2 5660 -4000985
1421 3 -8496 6023952
1424 0 -2571 3661635
1428 1 -2851 2036274
1438 1 -2878 2074814
1440 2 -5762 4153848
1455 4 -11633 8467034
1470 -3 8792 -6433612
1473 0 3128 -4597842
1478 -4 11787 -8683159
1482 2 -5926 4397184
1486 1 -2970 2210012
1503 2 -5986 4485276
1515 0 -135 211883
1518 -4 12120 -9176390
1529 3 -9117 6933175
1546 0 366 -558508
1558 4 -12398 9611377
1562 3 -9370 7317675
1574 -3 9427 -7395928
1586 -2 6303 -4965454
1622 -2 6388 -5093722
1628 -1 3256 -2644380
1630 3 -9776 7969453
1632 3 -9796 8006681
1635 2 -6543 5359511
1640 -3 9824 -8037673
1642 0 4672 -7661750
1658 -2 6570 -5388193
1661 1 -3321 2762573
1668 1 -3333 2783987
1675 -2 6686 -5585974
1678 3 -10063 8441025
1684 2 -6711 5629761
1690 1 -3378 2861412
1725 -1 3382 -2853202
1726 -2 6907 -5963162
1753 0 157 -270245
1756 3 -10513 9218487
1768 0 -306 543585
1769 -2 7076 -6253284
1775 0 -533 951185
1779 -3 10654 -9454115
1780 -2 7112 -6313105
1781 3 -10685 9514701
1783 -2 7125 -6343598
1790 -1 3566 -3176839
1793 1 -3582 3208716
1801 -1 3592 -3222581
1808 -2 7232 -6536730
1811 0 -1107 2006261
1841 2 -7313 6691469
1849 -2 7375 -6789947
1851 -2 7408 -6857578
1852 1 -3701 3430048
1864 -2 7412 -6864053
1878 -1 3752 -3515462
1882 1 -3762 3540288
1883 -1 3768 -3544279
1893 2 -7545 7118632
1906 1 -3791 3602394
1912 -2 7644 -7299794
1916 -1 3826 -3656483
1919 -1 3837 -3671161
1927 -1 3837 -3676940
1932 2 -7714 7441369
1942 2 -7754 7519097
1950 2 -7764 7536901
1955 0 139 -267263
1966 2 -7841 7694102
1969 1 -3937 3876696
1983 2 -7916 7836039
1992 0 -740 1474279
2008 2 -7981 7971648
2010 0 -4160 8363036
2014 1 -4030 4065721
2032 -2 8127 -8246142
2037 0 -1525 3106618
2040 1 -4079 4160543
2043 2 -8175 8360770
2045 1 -4085 4179095
2049 1 -4093 4189682
2054 -1 4101 -4199950
2067 0 -726 1501073
2089 2 -8341 8702100
2097 -1 4187 -4373941
2100 2 -8400 8828826
2113 2 -8414 8858799
2121 0 840 -1774789
2123 -2 8485 -8997493
2144 2 -8571 9188436
2146 2 -8580 9202509
2150 2 -8599 9243709
2153 -2 8613 -9264156
2159 -2 8615 -9272911
2166 2 -8641 9340393
2175 0 157 -336352
2195 0 -128 287405
2209 2 -8794 9673396
2236 -2 8868 -9826969
2242 -1 4486 -5023514
2245 1 -4490 5047965
2248 1 -4489 5042267
2250 1 -4502 5069683
2279 1 -4538 5148793
2301 -1 4589 -5263570
2334 -1 4606 -5300560
2335 1 -4666 5449949
2359 0 8 -17465
2369 -1 4737 -5600968
2372 1 -4740 5626184
2379 -1 4752 -5640079
2384 -1 4767 -5672885
2385 0 986 -2341989
2392 -1 4770 -5680805
2408 1 -4803 5768201
2420 0 597 -1435398
2437 0 514 -1243048
2458 1 -4872 5935113
2460 1 -4921 6057690
2468 0 -684 1692294
2476 0 649 -1600077
2483 1 -4956 6150307
2492 0 33 -80692
2500 1 -4996 6245058
2509 1 -5008 6278840
2515 1 -5017 6300319
2539 0 -76 198388
2542 0 -1485 3779423
2550 1 -5091 6481164
2562 -1 5111 -6525810
2563 1 -5126 6572968
2565 -1 5131 -6579379
2580 1 -5145 6621722
2595 1 -5183 6720137
2639 -1 5276 -6950048
2641 -1 5281 -6969485
2680 1 -5300 7030670
2682 1 -5359 7188891
2699 0 -237 645549
2718 -1 5428 -7357563
2748 1 -5441 7406436
2752 -1 5501 -7556292
2758 -1 5502 -7562203
2761 1 -5523 7628277
2772 0 -694 1924580
2774 0 1599 -4430918
2782 -1 5560 -7721835
2787 -1 5569 -7749221
2792 -1 5576 -7765647
2802 0 436 -1212610
2823 -1 5623 -7904146
2832 -1 5660 -8001861
2833 1 -5665 8026805
2836 -1 5665 -8020152
2841 1 -5674 8053110
2844 0 2425 -6888063
2847 -1 5689 -8086045
2860 0 -636 1820603
2864 -1 5719 -8173820
2870 1 -5742 8250355
2877 -1 5751 -8259713
2917 0 -125 364671
2936 0 -313 921356
2949 0 -714 2105705
2971 0 -400 1189233
2994 1 -5980 8946340
2998 -1 5992 -8974327
3001 -1 6004 -9005584
3003 0 2484 -7451540
3041 0 -39 125230
3080 -1 6151 -9456720
3103 0 160 -490837
3113 0 -599 1868221
3114 0 1434 -4458065
3120 -1 6238 -9722421
3137 1 -6255 9786587
3143 0 -693 2180662
3149 1 -6287 9881665
3154 1 -6302 9931304
3172 0 211 -663712
3175 0 -519 1651631
3181 0 -1349 4292273
3189 0 1026 -3262461
3202 0 -200 642454
3211 0 -596 1917668
3219 0 374 -1195506
3221 0 -2334 7520042
3236 0 -553 1790737
3237 0 2861 -9256014
3270 0 -260 851080
3277 0 266 -869720
3285 0 544 -1781458
3290 0 474 -1556574
3292 0 -2847 9373403
3293 0 -496 1635728
3303 0 304 -1000152
3306 0 328 -1082398
3314 0 -39 133194
3322 0 -574 1907789
3352 0 150 -497572
3353 0 231 -774101
3366 0 -713 2400282
3369 0 -263 891240
3379 0 -773 2613875
3385 0 -582 1973183
3404 0 -227 775679
3424 0 -155 535206
3425 0 2154 -7373067
3433 0 -393 1351596
3435 0 2227 -7644319
3451 0 77 -258316
3463 0 372 -1279534
3465 0 1539 -5325117
3483 0 -96 341277
3490 0 -296 1039892
3493 0 2245 -7831820
3497 0 195 -680393
3520 0 143 -498022
3526 0 687 -2416472
3531 0 -469 1662596
3538 0 927 -3272955
3548 0 -463 1647171
3553 0 818 -2898052
3589 0 -17 64532
3590 0 465 -1668506
3594 0 -1205 4334186
3599 0 -1632 5874020
3644 0 -35 131885
3651 0 764 -2781650
3672 0 351 -1280117
3674 0 2419 -8880804
3690 0 526 -1932199
3692 0 574 -2116591
3696 0 1854 -6843986
3702 0 785 -2898005
3713 0 -417 1549918
3721 0 927 -3439831
3732 0 -139 526234
3743 0 905 -3377416
3762 0 327 -1220362
3797 0 -217 826217
3804 0 1035 -3929320
3805 0 390 -1475264
3825 0 -26 106775
3838 0 -491 1886776
3841 0 -869 3339138
3844 0 83 -309180
3866 0 -2 15682
3871 0 -39 154367
3874 0 -1657 6422701
3881 0 337 -1299671
3899 0 73 -278771
3902 0 1443 -5623102
3907 0 221 -861462
3909 0 1464 -5714238
3914 0 277 -1081792
3934 0 201 -784209
3960 0 154 -604763
3962 0 -1192 4725733
3971 0 899 -3561452
3982 0 -891 3548001
4000 0 -163 652604
4003 0 2335 -9338778
4008 0 1891 -7569286
4012 0 2405 -9639192
4014 0 -1047 4207305
4018 0 891 -3572046
4025 0 -1419 5711535
4027 0 -2421 9753561
4042 0 -536 2167655
4046 0 -978 3958093
4060 0 -399 1621697
4070 0 -680 2769617
4071 0 -986 4016151
4072 0 -1909 7778970
4086 0 377 -1534040
4098 0 -233 961288
4113 0 -520 2138997
4127 0 160 -651245
4141 0 221 -911801
4143 0 2292 -9490757
4153 0 824 -3412910
4157 0 -1947 8094435
4183 0 -130 544817
4193 0 -662 2777322
4196 0 731 -3064678
4214 0 136 -566736
4225 0 369 -1549252
4227 0 -1503 6354839
4244 0 22 -84655
4249 0 -1787 7593744
4251 0 -410 1748094
4268 0 -84 364712
4269 0 -1694 7239406
4271 0 1499 -6393695
4275 0 -1052 4501242
4277 0 545 -2322478
4282 0 397 -1697403
4286 0 162 -685095
4302 0 -38 163494
4303 0 -417 1801921
4308 0 -1000 4312980
4310 0 -2221 9573190
4318 0 -153 663454
4320 0 -1782 7701717
4331 0 528 -2280007
4359 0 -28 129927
4363 0 1340 -5837413
4380 0 -23 100741
4382 0 -2048 8976347
4394 0 -435 1915168
4399 0 -1973 8679299
4407 0 -932 4107422
4409 0 -852 3763752
4416 0 235 -1030292
4420 0 430 -1894415
4437 0 -289 1284568
4441 0 -1752 7782786
4445 0 -1243 5528791
4448 0 -172 767033
4453 0 -758 3375970
4456 0 -1647 7343803
4458 0 -1061 4731868
4483 0 400 -1783200
4507 0 235 -1051648
4518 0 886 -3993054
4530 0 -365 1658329
4532 0 1284 -5813522
4538 0 -240 1092169
4551 0 672 -3048347
4562 0 374 -1701224
4571 0 159 -724934
4585 0 -409 1878153
4586 0 -2178 9991167
4595 0 870 -3988199
4612 0 -465 2144809
4614 0 929 -4280012
4620 0 -1292 5970938
4625 0 -898 4157440
4637 0 -580 2690732
4642 0 333 -1540977
4646 0 1959 -9093148
4653 0 -346 1615325
4655 0 1629 -7577060
4673 0 476 -2214716
4709 0 -179 844945
4712 0 -1316 6206075
4716 0 1783 -8399892
4732 0 383 -1804708
4734 0 1589 -7513678
