500
4 100
8 104
12 100
16 104
20 100
24 104
28 100
32 104
36 100
40 104
44 100
48 104
52 100
56 104
60 100
64 104
68 100
72 104
76 100
80 104
84 100
88 104
92 100
96 104
100 100
104 104
108 100
112 104
116 100
120 104
124 100
128 104
132 100
136 104
140 100
144 104
148 100
152 104
156 100
160 104
164 100
168 104
172 100
176 104
180 100
184 104
188 100
192 104
196 100
200 104
204 100
208 104
212 100
216 104
220 100
224 104
228 100
232 104
236 100
240 104
244 100
248 104
252 100
256 104
260 100
264 104
268 100
272 104
276 100
280 104
284 100
288 104
292 100
296 104
300 100
304 104
308 100
312 104
316 100
320 104
324 100
328 104
332 100
336 104
340 100
344 104
348 100
352 104
356 100
360 104
364 100
368 104
372 100
376 104
380 100
384 104
388 100
392 104
396 100
400 104
404 100
408 104
412 100
416 104
420 100
424 104
428 100
432 104
436 100
440 104
444 100
448 104
452 100
456 104
460 100
464 104
468 100
472 104
476 100
480 104
484 100
488 104
492 100
496 104
500 100
504 104
508 100
512 104
516 100
520 104
524 100
528 104
532 100
536 104
540 100
544 104
548 100
552 104
556 100
560 104
564 100
568 104
572 100
576 104
580 100
584 104
588 100
592 104
596 100
600 104
604 100
608 104
612 100
616 104
620 100
624 104
628 100
632 104
636 100
640 104
644 100
648 104
652 100
656 104
660 100
664 104
668 100
672 104
676 100
680 104
684 100
688 104
692 100
696 104
700 100
704 104
708 100
712 104
716 100
720 104
724 100
728 104
732 100
736 104
740 100
744 104
748 100
752 104
756 100
760 104
764 100
768 104
772 100
776 104
780 100
784 104
788 100
792 104
796 100
800 104
804 100
808 104
812 100
816 104
820 100
824 104
828 100
832 104
836 100
840 104
844 100
848 104
852 100
856 104
860 100
864 104
868 100
872 104
876 100
880 104
884 100
888 104
892 100
896 104
900 100
904 104
908 100
912 104
916 100
920 104
924 100
928 104
932 100
936 104
940 100
944 104
948 100
952 104
956 100
960 104
964 100
968 104
972 100
976 104
980 100
984 104
988 100
992 104
996 100
1000 104
1004 100
1008 104
1012 100
1016 104
1020 100
1024 104
1028 100
1032 104
1036 100
1040 104
1044 100
1048 104
1052 100
1056 104
1060 100
1064 104
1068 100
1072 104
1076 100
1080 104
1084 100
1088 104
1092 100
1096 104
1100 100
1104 104
1108 100
1112 104
1116 100
1120 104
1124 100
1128 104
1132 100
1136 104
1140 100
1144 104
1148 100
1152 104
1156 100
1160 104
1164 100
1168 104
1172 100
1176 104
1180 100
1184 104
1188 100
1192 104
1196 100
1200 104
1204 100
1208 104
1212 100
1216 104
1220 100
1224 104
1228 100
1232 104
1236 100
1240 104
1244 100
1248 104
1252 100
1256 104
1260 100
1264 104
1268 100
1272 104
1276 100
1280 104
1284 100
1288 104
1292 100
1296 104
1300 100
1304 104
1308 100
1312 104
1316 100
1320 104
1324 100
1328 104
1332 100
1336 104
1340 100
1344 104
1348 100
1352 104
1356 100
1360 104
1364 100
1368 104
1372 100
1376 104
1380 100
1384 104
1388 100
1392 104
1396 100
1400 104
1404 100
1408 104
1412 100
1416 104
1420 100
1424 104
1428 100
1432 104
1436 100
1440 104
1444 100
1448 104
1452 100
1456 104
1460 100
1464 104
1468 100
1472 104
1476 100
1480 104
1484 100
1488 104
1492 100
1496 104
1500 100
1504 104
1508 100
1512 104
1516 100
1520 104
1524 100
1528 104
1532 100
1536 104
1540 100
1544 104
1548 100
1552 104
1556 100
1560 104
1564 100
1568 104
1572 100
1576 104
1580 100
1584 104
1588 100
1592 104
1596 100
1600 104
1604 100
1608 104
1612 100
1616 104
1620 100
1624 104
1628 100
1632 104
1636 100
1640 104
1644 100
1648 104
1652 100
1656 104
1660 100
1664 104
1668 100
1672 104
1676 100
1680 104
1684 100
1688 104
1692 100
1696 104
1700 100
1704 104
1708 100
1712 104
1716 100
1720 104
1724 100
1728 104
1732 100
1736 104
1740 100
1744 104
1748 100
1752 104
1756 100
1760 104
1764 100
1768 104
1772 100
1776 104
1780 100
1784 104
1788 100
1792 104
1796 100
1800 104
1804 100
1808 104
1812 100
1816 104
1820 100
1824 104
1828 100
1832 104
1836 100
1840 104
1844 100
1848 104
1852 100
1856 104
1860 100
1864 104
1868 100
1872 104
1876 100
1880 104
1884 100
1888 104
1892 100
1896 104
1900 100
1904 104
1908 100
1912 104
1916 100
1920 104
1924 100
1928 104
1932 100
1936 104
1940 100
1944 104
1948 100
1952 104
1956 100
1960 104
1964 100
1968 104
1972 100
1976 104
1980 100
1984 104
1988 100
1992 104
1996 100
2000 104
500
3 2 -4 101
9 -1 12 70
11 -5 100 -399
17 -1 28 -90
19 1 -36 423
25 -1 44 -378
27 -1 52 -575
33 -1 60 -794
35 5 -340 5879
41 -1 76 -1338
43 2 -168 3627
49 -1 92 -2010
51 -5 500 -12399
57 -1 108 -2810
59 5 -580 16919
65 -1 124 -3738
67 1 -132 4455
73 -1 140 -4794
75 -5 740 -27279
81 -1 156 -5978
83 -4 656 -26795
89 -1 172 -7290
91 -3 540 -24199
97 -1 188 -8730
99 2 -392 19307
105 -1 204 -10298
107 -5 1060 -56079
113 -1 220 -11994
115 2 -456 26091
121 -1 236 -13818
123 -1 244 -14783
129 -1 252 -15770
131 -2 520 -33699
137 -1 268 -17850
139 -3 828 -57031
145 -1 284 -20058
147 -2 584 -42531
153 -1 300 -22394
155 -2 616 -47331
161 -1 316 -24858
163 1 -324 26343
169 -1 332 -27450
171 -3 1020 -86599
177 -1 348 -30170
179 1 -356 31783
185 -1 364 -33018
187 -3 1116 -103687
193 -1 380 -35994
195 -3 1164 -112807
201 -1 396 -39098
203 4 -1616 163315
209 -1 412 -42330
211 -5 2100 -220399
217 -1 428 -45690
219 3 -1308 142671
225 -1 444 -49178
227 5 -2260 255479
233 -1 460 -52794
235 4 -1872 219123
241 -1 476 -56538
243 4 -1936 234355
249 -1 492 -60410
251 -2 1000 -124899
257 -1 508 -64410
259 -2 1032 -133027
265 -1 524 -68538
267 -4 2128 -282923
273 -1 540 -72794
275 1 -548 75175
281 -1 556 -77178
283 5 -2820 397719
289 -1 572 -81690
291 -2 1160 -168099
297 -1 588 -86330
299 -2 1192 -177507
305 -1 604 -91098
307 5 -3060 468279
313 -1 620 -95994
315 -2 1256 -197091
321 -1 636 -101018
323 4 -2576 414835
329 -1 652 -106170
331 2 -1320 217899
337 -1 668 -111450
339 -5 3380 -571119
345 -1 684 -116858
347 -3 2076 -359047
353 -1 700 -122394
355 3 -2124 376047
361 -1 716 -128058
363 5 -3620 655319
369 -1 732 -133850
371 -3 2220 -410599
377 -1 748 -139770
379 4 -3024 571635
385 -1 764 -145818
387 3 -2316 447087
393 -1 780 -151994
395 5 -3940 776279
401 -1 796 -158298
403 3 -2412 484911
409 -1 812 -164730
411 3 -2460 504399
417 -1 828 -171290
419 5 -4180 873719
425 -1 844 -177978
427 -1 852 -181375
433 -1 860 -184794
435 -2 1736 -376611
441 -1 876 -191738
443 2 -1768 390827
449 -1 892 -198810
451 -3 2700 -607399
457 -1 908 -206010
459 -5 4580 -1048719
465 -1 924 -213338
467 -3 2796 -651367
473 -1 940 -220794
475 -4 3792 -898603
481 -1 956 -228378
483 1 -964 232423
489 -1 972 -236090
491 2 -1960 480299
497 -1 988 -243930
499 3 -2988 744111
505 -1 1004 -251898
507 1 -1012 256135
513 -1 1020 -259994
515 3 -3084 792687
521 -1 1036 -268218
523 2 -2088 545067
529 -1 1052 -276570
531 1 -1060 280999
537 -1 1068 -285050
539 -3 3228 -868231
545 -1 1084 -293658
547 -3 3276 -894247
553 -1 1100 -302394
555 -2 2216 -613731
561 -1 1116 -311258
563 4 -4496 1263475
569 -1 1132 -320250
571 5 -5700 1624599
577 -1 1148 -329370
579 -3 3468 -1002151
585 -1 1164 -338618
587 -3 3516 -1030087
593 -1 1180 -347994
595 3 -3564 1058607
601 -1 1196 -357498
603 -3 3612 -1087111
609 -1 1212 -367130
611 3 -3660 1116399
617 -1 1228 -376890
619 4 -4944 1527795
625 -1 1244 -386778
627 -4 5008 -1567403
633 -1 1260 -396794
635 -1 1268 -401855
641 -1 1276 -406938
643 -4 5136 -1648555
649 -1 1292 -417210
651 2 -2600 845099
657 -1 1308 -427610
659 -3 3948 -1298791
665 -1 1324 -438138
667 4 -5328 1774323
673 -1 1340 -448794
675 -2 2696 -908451
681 -1 1356 -459578
683 5 -6820 2325719
689 -1 1372 -470490
691 -5 6900 -2380399
697 -1 1388 -481530
699 4 -5584 1948915
705 -1 1404 -492698
707 3 -4236 1495407
713 -1 1420 -503994
715 -5 7140 -2548879
721 -1 1436 -515418
723 -4 5776 -2085035
729 -1 1452 -526970
731 4 -5840 2131699
737 -1 1468 -538650
739 4 -5904 2178675
745 -1 1484 -550458
747 1 -1492 556615
753 -1 1500 -562394
755 4 -6032 2274163
761 -1 1516 -574458
763 -3 4572 -1741831
769 -1 1532 -586650
771 -3 4620 -1778599
777 -1 1548 -598970
779 -2 3112 -1210467
785 -1 1564 -611418
787 4 -6288 2471283
793 -1 1580 -623994
795 1 -1588 630535
801 -1 1596 -636698
803 -5 8020 -3215919
809 -1 1612 -649530
811 2 -3240 1312299
817 -1 1628 -662490
819 -5 8180 -3345519
825 -1 1644 -675578
827 1 -1652 682375
833 -1 1660 -688794
835 3 -5004 2086767
841 -1 1676 -702138
843 -1 1684 -708863
849 -1 1692 -715610
851 -1 1700 -722399
857 -1 1708 -729210
859 1 -1716 736263
865 -1 1724 -742938
867 -1 1732 -749855
873 -1 1740 -756794
875 1 -1748 763975
881 -1 1756 -770778
883 4 -7056 3111795
889 -1 1772 -784890
891 1 -1780 792199
897 -1 1788 -799130
899 -4 7184 -3225515
905 -1 1804 -813498
907 -2 3624 -1641571
913 -1 1820 -827994
915 -5 9140 -4176879
921 -1 1836 -842618
923 -4 7376 -3400235
929 -1 1852 -857370
931 -3 5580 -2594599
937 -1 1868 -872250
939 -3 5628 -2639431
945 -1 1884 -887258
947 1 -1892 895015
953 -1 1900 -902394
955 2 -3816 1820331
961 -1 1916 -917658
963 5 -9620 4627319
969 -1 1932 -933050
971 -2 3880 -1881699
977 -1 1948 -948570
979 3 -5868 2869551
985 -1 1964 -964218
987 2 -3944 1944491
993 -1 1980 -979994
995 -5 9940 -4940079
1001 -1 1996 -995898
1003 -3 6012 -3011911
1009 -1 2012 -1011930
1011 4 -8080 4080499
1017 -1 2028 -1028090
1019 5 -10180 5181719
1025 -1 2044 -1044378
1027 -3 6156 -3157927
1033 -1 2060 -1060794
1035 4 -8272 4276723
1041 -1 2076 -1077338
1043 -2 4168 -2171427
1049 -1 2092 -1094010
1051 -3 6300 -3307399
1057 -1 2108 -1110810
1059 2 -4232 2238827
1065 -1 2124 -1127738
1067 4 -8528 4545523
1073 -1 2140 -1144794
1075 4 -8592 4614003
1081 -1 2156 -1161978
1083 -4 8656 -4682795
1089 -1 2172 -1179290
1091 -1 2180 -1187999
1097 -1 2188 -1196730
1099 5 -10980 6028119
1105 -1 2204 -1214298
1107 3 -6636 3669807
1113 -1 2220 -1231994
1115 1 -2228 1241095
1121 -1 2236 -1249818
1123 -1 2244 -1258783
1129 -1 2252 -1267770
1131 -5 11300 -6384399
1137 -1 2268 -1285850
1139 2 -4552 2590187
1145 -1 2284 -1304058
1147 2 -4584 2626731
1153 -1 2300 -1322394
1155 5 -11540 6658679
1161 -1 2316 -1340858
1163 -3 6972 -4050631
1169 -1 2332 -1359450
1171 -5 11700 -6844399
1177 -1 2348 -1378170
1179 4 -9424 5550835
1185 -1 2364 -1397018
1187 -4 9488 -5626283
1193 -1 2380 -1415994
1195 2 -4776 2851371
1201 -1 2396 -1435098
1203 -2 4808 -2889507
1209 -1 2412 -1454330
1211 3 -7260 4392399
1217 -1 2428 -1473690
1219 4 -9744 5934195
1225 -1 2444 -1493178
1227 -5 12260 -7515279
1233 -1 2460 -1512794
1235 4 -9872 6091123
1241 -1 2476 -1532538
1243 1 -2484 1542663
1249 -1 2492 -1552410
1251 4 -10000 6250099
1257 -1 2508 -1572410
1259 4 -10064 6330355
1265 -1 2524 -1592538
1267 5 -12660 8013879
1273 -1 2540 -1612794
1275 3 -7644 4869327
1281 -1 2556 -1633178
1283 4 -10256 6574195
1289 -1 2572 -1653690
1291 -5 12900 -8320399
1297 -1 2588 -1674330
1299 -3 7788 -5054311
1305 -1 2604 -1695098
1307 1 -2612 1705735
1313 -1 2620 -1715994
1315 -4 10512 -6906283
1321 -1 2636 -1737018
1323 4 -10576 6990835
1329 -1 2652 -1758170
1331 2 -5320 3537899
1337 -1 2668 -1779450
1339 1 -2676 1790343
1345 -1 2684 -1800858
1347 -5 13460 -9058479
1353 -1 2700 -1822394
1355 -2 5416 -3666531
1361 -1 2716 -1844058
1363 2 -5448 3710187
1369 -1 2732 -1865850
1371 5 -13700 9384599
1377 -1 2748 -1887770
1379 1 -2756 1898983
1385 -1 2764 -1909818
1387 -1 2772 -1920895
1393 -1 2780 -1931994
1395 -5 13940 -9716079
1401 -1 2796 -1954298
1403 -4 11216 -7862315
1409 -1 2812 -1976730
1411 4 -11280 7952499
1417 -1 2828 -1999290
1419 1 -2836 2010823
1425 -1 2844 -2021978
1427 -4 11408 -8133803
1433 -1 2860 -2044794
1435 -1 2868 -2056255
1441 -1 2876 -2067738
1443 3 -8652 6238191
1449 -1 2892 -2090810
1451 -1 2900 -2102399
1457 -1 2908 -2114010
1459 -2 5832 -4251427
1465 -1 2924 -2137338
1467 3 -8796 6447567
1473 -1 2940 -2160794
1475 -4 11792 -8690603
1481 -1 2956 -2184378
1483 3 -8892 6589071
1489 -1 2972 -2208090
1491 -3 8940 -6660199
1497 -1 2988 -2231930
1499 -4 11984 -8975915
1505 -1 3004 -2255898
1507 3 -9036 6804207
1513 -1 3020 -2279994
1515 -4 12112 -9168683
1521 -1 3036 -2304218
1523 3 -9132 6949551
1529 -1 3052 -2328570
1531 -3 9180 -7022599
1537 -1 3068 -2353050
1539 -2 6152 -4730787
1545 -1 3084 -2377658
1547 -4 12368 -9560363
1553 -1 3100 -2402394
1555 -2 6216 -4829731
1561 -1 3116 -2427258
1563 3 -9372 7319631
1569 -1 3132 -2452250
1571 -3 9420 -7394599
1577 -1 3148 -2477370
1579 -2 6312 -4980067
1585 -1 3164 -2502618
1587 -3 9516 -7546087
1593 -1 3180 -2527994
1595 2 -6376 5081771
1601 -1 3196 -2553498
1603 3 -9612 7699311
1609 -1 3212 -2579130
1611 3 -9660 7776399
1617 -1 3228 -2604890
1619 1 -3236 2618023
1625 -1 3244 -2630778
1627 -1 3252 -2643775
1633 -1 3260 -2656794
1635 -3 9804 -8009767
1641 -1 3276 -2682938
1643 3 -9852 8088591
1649 -1 3292 -2709210
1651 -1 3300 -2722399
1657 -1 3308 -2735610
1659 2 -6632 5498027
1665 -1 3324 -2762138
1667 -2 6664 -5551011
1673 -1 3340 -2788794
1675 1 -3348 2802375
1681 -1 3356 -2815578
1683 2 -6728 5658347
1689 -1 3372 -2842490
1691 2 -6760 5712299
1697 -1 3388 -2869530
1699 2 -6792 5766507
1705 -1 3404 -2896698
1707 3 -10236 8731407
1713 -1 3420 -2923994
1715 1 -3428 2937895
1721 -1 3436 -2951418
1723 2 -6888 5930667
1729 -1 3452 -2978970
1731 1 -3460 2992999
1737 -1 3468 -3006650
1739 -3 10428 -9061831
1745 -1 3484 -3034458
1747 1 -3492 3048615
1753 -1 3500 -3062394
1755 2 -7016 6153131
1761 -1 3516 -3090458
1763 -2 7048 -6209187
1769 -1 3532 -3118650
1771 -2 7080 -6265699
1777 -1 3548 -3146970
1779 3 -10668 9483951
1785 -1 3564 -3175418
1787 -2 7144 -6379491
1793 -1 3580 -3203994
1795 -2 7176 -6436771
1801 -1 3596 -3232698
1803 3 -10812 9741711
1809 -1 3612 -3261530
1811 3 -10860 9828399
1817 -1 3628 -3290490
1819 -3 10908 -9915271
1825 -1 3644 -3319578
1827 -2 7304 -6668451
1833 -1 3660 -3348794
1835 1 -3668 3363655
1841 -1 3676 -3378138
1843 -1 3684 -3392863
1849 -1 3692 -3407610
1851 -1 3700 -3422399
1857 -1 3708 -3437210
1859 -1 3716 -3452063
1865 -1 3724 -3466938
1867 -1 3732 -3481855
1873 -1 3740 -3496794
1875 -1 3748 -3511775
1881 -1 3756 -3526778
1883 -2 7528 -7083747
1889 -1 3772 -3556890
1891 2 -7560 7144299
1897 -1 3788 -3587130
1899 -2 7592 -7204707
1905 -1 3804 -3617498
1907 -2 7624 -7265571
1913 -1 3820 -3647994
1915 -2 7656 -7326691
1921 -1 3836 -3678618
1923 -1 3844 -3693983
1929 -1 3852 -3709370
1931 1 -3860 3724999
1937 -1 3868 -3740250
1939 2 -7752 7511787
1945 -1 3884 -3771258
1947 1 -3892 3787015
1953 -1 3900 -3802394
1955 -2 7816 -7636131
1961 -1 3916 -3833658
1963 -2 7848 -7698787
1969 -1 3932 -3865050
1971 -1 3940 -3880799
1977 -1 3948 -3896570
1979 -2 7912 -7824867
1985 -1 3964 -3928218
1987 -1 3972 -3944095
1993 -1 3980 -3959994
1995 1 -3988 3976135
2000 -1 3996 -3991898
