500
3 8680
32 5065
54 4247
114 8663
124 9421
154 1346
163 997
175 2611
193 7077
205 1738
264 5370
298 5420
305 7331
360 3903
373 5472
378 2983
383 3592
417 9817
440 2149
465 2844
478 1452
481 6336
489 6758
491 9006
496 5772
500 6582
535 5813
547 5424
565 134
567 9833
574 5247
577 9264
641 9572
644 8682
661 5920
696 7381
705 2161
778 4470
804 9990
863 4973
891 3322
943 1599
959 9151
988 9620
998 1658
1002 2068
1019 1336
1031 842
1068 3573
1101 6192
1136 97
1143 6036
1196 2424
1206 4004
1242 3399
1245 8134
1270 7556
1274 7802
1314 7857
1316 7381
1320 8496
1324 6218
1328 283
1341 1514
1354 2358
1368 1203
1386 9984
1391 9902
1402 9539
1404 4379
1411 4330
1434 3520
1438 3453
1439 5661
1457 4983
1461 1061
1475 428
1534 5877
1555 1466
1582 6446
1585 606
1625 4818
1626 910
1659 8601
1677 4917
1685 3133
1699 4915
1772 9764
1791 709
1794 8742
1806 2229
1811 2120
1821 7225
1828 2184
1855 1672
1879 6798
1889 3206
1905 7719
1988 6136
1998 9857
2012 2501
2044 8164
2084 7831
2099 1644
2105 8585
2148 9567
2170 553
2184 7434
2202 1255
2204 255
2232 5046
2258 918
2282 1495
2291 8458
2302 8204
2316 6312
2344 6980
2346 5949
2348 9421
2392 9149
2396 3342
2397 6334
2423 5172
2475 8450
2498 8511
2501 8994
2518 2926
2532 5596
2550 5728
2556 8537
2563 5523
2581 7263
2583 1495
2601 9782
2614 223
2617 2105
2664 2451
2673 7168
2676 3037
2689 699
2713 2224
2727 6513
2785 5896
2820 1662
2837 3427
2851 2609
2858 7474
2867 4142
2882 8750
2910 8597
2929 8436
2980 7313
2981 5327
2987 6753
2992 3657
3002 7655
3006 9164
3009 9029
3028 6086
3067 9456
3078 1644
3085 3131
3088 966
3091 1022
3092 5601
3114 5587
3130 8997
3180 9824
3182 7203
3244 428
3358 2265
3410 1137
3419 2768
3421 5535
3482 7169
3529 9470
3563 9168
3578 3020
3591 7663
3619 7091
3627 222
3669 3844
3697 4006
3714 7882
3744 5826
3750 713
3803 5364
3815 197
3827 2395
3877 4163
3882 737
3928 4581
3934 379
3953 1569
3971 955
3998 7043
4059 3389
4066 4643
4110 1434
4124 2950
4161 2376
4220 1579
4273 8025
4324 3850
4332 9544
4336 6135
4415 6595
4419 9591
4435 1442
4472 3808
4474 5993
4483 7393
4513 7618
4521 2935
4531 4095
4558 2159
4572 7631
4588 6059
4602 2565
4623 1159
4634 7741
4675 3505
4685 2738
4707 9362
4717 9952
4722 5854
4729 45
4737 637
4764 555
4773 6076
4825 5000
4837 1921
4843 8907
4866 5358
4872 3598
4879 6263
4881 4482
4901 4533
4904 3021
4925 9830
4929 7934
4936 4048
4955 3144
4965 1798
5000 846
5014 794
5015 567
5018 3243
5062 7638
5080 7323
5128 6507
5147 533
5149 9508
5165 2009
5171 9049
5184 1797
5190 9384
5270 7464
5289 4394
5324 7299
5342 3642
5362 2252
5389 7469
5395 4448
5459 4486
5468 6048
5492 5653
5498 1005
5513 3421
5584 6392
5593 2155
5594 4777
5607 9387
5608 9510
5619 7331
5632 3095
5634 8077
5661 3185
5676 4214
5695 398
5717 4624
5730 1832
5748 7101
5776 3523
5819 267
5834 439
5844 6788
5855 5586
5862 1123
5870 437
5891 6069
5909 7720
5918 9433
5921 8997
5929 5999
5941 5166
5953 8848
5954 9510
5975 1618
6006 1767
6008 9167
6052 2347
6066 6270
6109 3903
6140 8590
6161 887
6186 8482
6198 7173
6215 4242
6231 9914
6285 8331
6337 4092
6374 9458
6377 4150
6390 4391
6403 4767
6416 918
6418 8318
6471 9049
6485 9338
6528 4213
6554 9046
6563 4368
6564 4131
6573 9266
6610 3389
6635 8965
6637 62
6653 6565
6762 7084
6768 5890
6786 5643
6827 4446
6876 6883
6886 1041
6931 1747
6951 6066
6981 7455
6983 2944
6986 1557
6996 5097
7006 827
7013 7191
7059 690
7061 6824
7091 9912
7131 878
7141 9092
7193 1298
7195 7624
7200 3564
7212 2019
7217 365
7218 7658
7228 5354
7238 5776
7240 3883
7242 7628
7251 8480
7286 2798
7300 3688
7309 1726
7334 3652
7336 1244
7384 7870
7393 253
7400 8406
7476 125
7489 6248
7512 2942
7519 5971
7528 7968
7543 893
7549 8204
7567 449
7620 1186
7621 8525
7660 5718
7736 2940
7749 6500
7752 5430
7757 6342
7806 1489
7828 5360
7846 9149
7884 9902
7895 9321
7909 8234
7927 6672
7928 1072
8005 4160
8034 5501
8096 1838
8113 7217
8134 5238
8142 7868
8145 4254
8190 4495
8209 8149
8220 8296
8222 9040
8243 2918
8247 5424
8263 5930
8306 6949
8309 7673
8313 2171
8340 4633
8355 3834
8358 8164
8391 7908
8407 1804
8434 5579
8458 8330
8463 451
8486 6067
8487 8016
8504 93
8510 1987
8518 9379
8546 3005
8565 2667
8570 7291
8613 3956
8615 7736
8621 7969
8626 6830
8691 5013
8694 9970
8698 3147
8714 7617
8727 3409
8743 1866
8839 9713
8858 1001
8888 8480
8911 9992
8943 7335
8946 3068
8952 3614
8961 863
9031 46
9069 6614
9078 884
9079 2267
9087 8840
9118 1507
9126 1797
9183 4706
9197 266
9219 3079
9230 3719
9250 3236
9290 1509
9301 3525
9305 4940
9346 8880
9359 673
9391 4239
9447 2394
9455 9173
9462 6503
9464 9207
9477 3318
9489 5154
9509 9151
9521 9053
9526 3655
9535 591
9546 6017
9576 5333
9616 6142
9658 4773
9673 1581
9681 5478
9718 7922
9719 5193
9724 4245
9725 1770
9738 9240
9744 6206
9746 4212
9761 4090
9770 9076
9777 8856
9813 8811
9819 8129
9837 4966
9839 3433
9842 4513
9863 9245
9896 10
9941 4790
9953 412
9957 4333
9966 9591
9968 59
9977 6378
9989 1706
10000 8833
500
3 0 0 8680
32 0 0 5065
54 0 0 4247
114 0 0 8663
124 0 0 9421
154 0 0 1346
163 0 0 997
175 0 0 2611
193 0 0 7077
205 0 0 1738
264 0 0 5370
298 0 0 5420
305 0 0 7331
360 0 0 3903
373 0 0 5472
378 0 0 2983
383 0 0 3592
417 0 0 9817
440 0 0 2149
465 0 0 2844
478 0 0 1452
481 0 0 6336
489 0 0 6758
491 0 0 9006
496 0 0 5772
500 0 0 6582
535 0 0 5813
547 0 0 5424
565 0 0 134
567 0 0 9833
574 0 0 5247
577 0 0 9264
641 0 0 9572
644 0 0 8682
661 0 0 5920
696 0 0 7381
705 0 0 2161
778 0 0 4470
804 0 0 9990
863 0 0 4973
891 0 0 3322
943 0 0 1599
959 0 0 9151
988 0 0 9620
998 0 0 1658
1002 0 0 2068
1019 0 0 1336
1031 0 0 842
1068 0 0 3573
1101 0 0 6192
1136 0 0 97
1143 0 0 6036
1196 0 0 2424
1206 0 0 4004
1242 0 0 3399
1245 0 0 8134
1270 0 0 7556
1274 0 0 7802
1314 0 0 7857
1316 0 0 7381
1320 0 0 8496
1324 0 0 6218
1328 0 0 283
1341 0 0 1514
1354 0 0 2358
1368 0 0 1203
1386 0 0 9984
1391 0 0 9902
1402 0 0 9539
1404 0 0 4379
1411 0 0 4330
1434 0 0 3520
1438 0 0 3453
1439 0 0 5661
1457 0 0 4983
1461 0 0 1061
1475 0 0 428
1534 0 0 5877
1555 0 0 1466
1582 0 0 6446
1585 0 0 606
1625 0 0 4818
1626 0 0 910
1659 0 0 8601
1677 0 0 4917
1685 0 0 3133
1699 0 0 4915
1772 0 0 9764
1791 0 0 709
1794 0 0 8742
1806 0 0 2229
1811 0 0 2120
1821 0 0 7225
1828 0 0 2184
1855 0 0 1672
1879 0 0 6798
1889 0 0 3206
1905 0 0 7719
1988 0 0 6136
1998 0 0 9857
2012 0 0 2501
2044 0 0 8164
2084 0 0 7831
2099 0 0 1644
2105 0 0 8585
2148 0 0 9567
2170 0 0 553
2184 0 0 7434
2202 0 0 1255
2204 0 0 255
2232 0 0 5046
2258 0 0 918
2282 0 0 1495
2291 0 0 8458
2302 0 0 8204
2316 0 0 6312
2344 0 0 6980
2346 0 0 5949
2348 0 0 9421
2392 0 0 9149
2396 0 0 3342
2397 0 0 6334
2423 0 0 5172
2475 0 0 8450
2498 0 0 8511
2501 0 0 8994
2518 0 0 2926
2532 0 0 5596
2550 0 0 5728
2556 0 0 8537
2563 0 0 5523
2581 0 0 7263
2583 0 0 1495
2601 0 0 9782
2614 0 0 223
2617 0 0 2105
2664 0 0 2451
2673 0 0 7168
2676 0 0 3037
2689 0 0 699
2713 0 0 2224
2727 0 0 6513
2785 0 0 5896
2820 0 0 1662
2837 0 0 3427
2851 0 0 2609
2858 0 0 7474
2867 0 0 4142
2882 0 0 8750
2910 0 0 8597
2929 0 0 8436
2980 0 0 7313
2981 0 0 5327
2987 0 0 6753
2992 0 0 3657
3002 0 0 7655
3006 0 0 9164
3009 0 0 9029
3028 0 0 6086
3067 0 0 9456
3078 0 0 1644
3085 0 0 3131
3088 0 0 966
3091 0 0 1022
3092 0 0 5601
3114 0 0 5587
3130 0 0 8997
3180 0 0 9824
3182 0 0 7203
3244 0 0 428
3358 0 0 2265
3410 0 0 1137
3419 0 0 2768
3421 0 0 5535
3482 0 0 7169
3529 0 0 9470
3563 0 0 9168
3578 0 0 3020
3591 0 0 7663
3619 0 0 7091
3627 0 0 222
3669 0 0 3844
3697 0 0 4006
3714 0 0 7882
3744 0 0 5826
3750 0 0 713
3803 0 0 5364
3815 0 0 197
3827 0 0 2395
3877 0 0 4163
3882 0 0 737
3928 0 0 4581
3934 0 0 379
3953 0 0 1569
3971 0 0 955
3998 0 0 7043
4059 0 0 3389
4066 0 0 4643
4110 0 0 1434
4124 0 0 2950
4161 0 0 2376
4220 0 0 1579
4273 0 0 8025
4324 0 0 3850
4332 0 0 9544
4336 0 0 6135
4415 0 0 6595
4419 0 0 9591
4435 0 0 1442
4472 0 0 3808
4474 0 0 5993
4483 0 0 7393
4513 0 0 7618
4521 0 0 2935
4531 0 0 4095
4558 0 0 2159
4572 0 0 7631
4588 0 0 6059
4602 0 0 2565
4623 0 0 1159
4634 0 0 7741
4675 0 0 3505
4685 0 0 2738
4707 0 0 9362
4717 0 0 9952
4722 0 0 5854
4729 0 0 45
4737 0 0 637
4764 0 0 555
4773 0 0 6076
4825 0 0 5000
4837 0 0 1921
4843 0 0 8907
4866 0 0 5358
4872 0 0 3598
4879 0 0 6263
4881 0 0 4482
4901 0 0 4533
4904 0 0 3021
4925 0 0 9830
4929 0 0 7934
4936 0 0 4048
4955 0 0 3144
4965 0 0 1798
5000 0 0 846
5014 0 0 794
5015 0 0 567
5018 0 0 3243
5062 0 0 7638
5080 0 0 7323
5128 0 0 6507
5147 0 0 533
5149 0 0 9508
5165 0 0 2009
5171 0 0 9049
5184 0 0 1797
5190 0 0 9384
5270 0 0 7464
5289 0 0 4394
5324 0 0 7299
5342 0 0 3642
5362 0 0 2252
5389 0 0 7469
5395 0 0 4448
5459 0 0 4486
5468 0 0 6048
5492 0 0 5653
5498 0 0 1005
5513 0 0 3421
5584 0 0 6392
5593 0 0 2155
5594 0 0 4777
5607 0 0 9387
5608 0 0 9510
5619 0 0 7331
5632 0 0 3095
5634 0 0 8077
5661 0 0 3185
5676 0 0 4214
5695 0 0 398
5717 0 0 4624
5730 0 0 1832
5748 0 0 7101
5776 0 0 3523
5819 0 0 267
5834 0 0 439
5844 0 0 6788
5855 0 0 5586
5862 0 0 1123
5870 0 0 437
5891 0 0 6069
5909 0 0 7720
5918 0 0 9433
5921 0 0 8997
5929 0 0 5999
5941 0 0 5166
5953 0 0 8848
5954 0 0 9510
5975 0 0 1618
6006 0 0 1767
6008 0 0 9167
6052 0 0 2347
6066 0 0 6270
6109 0 0 3903
6140 0 0 8590
6161 0 0 887
6186 0 0 8482
6198 0 0 7173
6215 0 0 4242
6231 0 0 9914
6285 0 0 8331
6337 0 0 4092
6374 0 0 9458
6377 0 0 4150
6390 0 0 4391
6403 0 0 4767
6416 0 0 918
6418 0 0 8318
6471 0 0 9049
6485 0 0 9338
6528 0 0 4213
6554 0 0 9046
6563 0 0 4368
6564 0 0 4131
6573 0 0 9266
6610 0 0 3389
6635 0 0 8965
6637 0 0 62
6653 0 0 6565
6762 0 0 7084
6768 0 0 5890
6786 0 0 5643
6827 0 0 4446
6876 0 0 6883
6886 0 0 1041
6931 0 0 1747
6951 0 0 6066
6981 0 0 7455
6983 0 0 2944
6986 0 0 1557
6996 0 0 5097
7006 0 0 827
7013 0 0 7191
7059 0 0 690
7061 0 0 6824
7091 0 0 9912
7131 0 0 878
7141 0 0 9092
7193 0 0 1298
7195 0 0 7624
7200 0 0 3564
7212 0 0 2019
7217 0 0 365
7218 0 0 7658
7228 0 0 5354
7238 0 0 5776
7240 0 0 3883
7242 0 0 7628
7251 0 0 8480
7286 0 0 2798
7300 0 0 3688
7309 0 0 1726
7334 0 0 3652
7336 0 0 1244
7384 0 0 7870
7393 0 0 253
7400 0 0 8406
7476 0 0 125
7489 0 0 6248
7512 0 0 2942
7519 0 0 5971
7528 0 0 7968
7543 0 0 893
7549 0 0 8204
7567 0 0 449
7620 0 0 1186
7621 0 0 8525
7660 0 0 5718
7736 0 0 2940
7749 0 0 6500
7752 0 0 5430
7757 0 0 6342
7806 0 0 1489
7828 0 0 5360
7846 0 0 9149
7884 0 0 9902
7895 0 0 9321
7909 0 0 8234
7927 0 0 6672
7928 0 0 1072
8005 0 0 4160
8034 0 0 5501
8096 0 0 1838
8113 0 0 7217
8134 0 0 5238
8142 0 0 7868
8145 0 0 4254
8190 0 0 4495
8209 0 0 8149
8220 0 0 8296
8222 0 0 9040
8243 0 0 2918
8247 0 0 5424
8263 0 0 5930
8306 0 0 6949
8309 0 0 7673
8313 0 0 2171
8340 0 0 4633
8355 0 0 3834
8358 0 0 8164
8391 0 0 7908
8407 0 0 1804
8434 0 0 5579
8458 0 0 8330
8463 0 0 451
8486 0 0 6067
8487 0 0 8016
8504 0 0 93
8510 0 0 1987
8518 0 0 9379
8546 0 0 3005
8565 0 0 2667
8570 0 0 7291
8613 0 0 3956
8615 0 0 7736
8621 0 0 7969
8626 0 0 6830
8691 0 0 5013
8694 0 0 9970
8698 0 0 3147
8714 0 0 7617
8727 0 0 3409
8743 0 0 1866
8839 0 0 9713
8858 0 0 1001
8888 0 0 8480
8911 0 0 9992
8943 0 0 7335
8946 0 0 3068
8952 0 0 3614
8961 0 0 863
9031 0 0 46
9069 0 0 6614
9078 0 0 884
9079 0 0 2267
9087 0 0 8840
9118 0 0 1507
9126 0 0 1797
9183 0 0 4706
9197 0 0 266
9219 0 0 3079
9230 0 0 3719
9250 0 0 3236
9290 0 0 1509
9301 0 0 3525
9305 0 0 4940
9346 0 0 8880
9359 0 0 673
9391 0 0 4239
9447 0 0 2394
9455 0 0 9173
9462 0 0 6503
9464 0 0 9207
9477 0 0 3318
9489 0 0 5154
9509 0 0 9151
9521 0 0 9053
9526 0 0 3655
9535 0 0 591
9546 0 0 6017
9576 0 0 5333
9616 0 0 6142
9658 0 0 4773
9673 0 0 1581
9681 0 0 5478
9718 0 0 7922
9719 0 0 5193
9724 0 0 4245
9725 0 0 1770
9738 0 0 9240
9744 0 0 6206
9746 0 0 4212
9761 0 0 4090
9770 0 0 9076
9777 0 0 8856
9813 0 0 8811
9819 0 0 8129
9837 0 0 4966
9839 0 0 3433
9842 0 0 4513
9863 0 0 9245
9896 0 0 10
9941 0 0 4790
9953 0 0 412
9957 0 0 4333
9966 0 0 9591
9968 0 0 59
9977 0 0 6378
9989 0 0 1706
10000 0 0 8833
