2000 4000
-1699 -1668 1512
567 592 681
-588 -559 1581
-404 -397 654
-909 -901 1311
1231 1259 1736
-1000 -975 1625
-1808 -1792 151
-1192 -1188 1316
-855 -836 1127
-577 -566 373
-1417 -1404 641
-853 -846 1879
1626 1651 1800
1218 1229 50
-191 -167 1216
-856 -829 1156
925 936 1472
-1851 -1833 1591
1713 1718 1609
286 299 1527
283 322 639
-871 -836 812
-120 -81 1860
841 850 575
219 243 201
1262 1288 1826
-1890 -1872 31
-501 -472 1332
873 910 1157
-6 34 1188
-301 -269 1576
-1567 -1527 158
1656 1684 728
206 231 382
772 806 410
1433 1448 1636
-1147 -1133 932
1049 1053 1254
198 203 1921
-32 -24 759
496 535 1966
959 974 1664
1727 1733 1607
-726 -715 1998
-1825 -1792 68
-1399 -1376 335
197 229 1795
-1048 -1039 67
-742 -725 415
-1305 -1292 387
545 583 89
1834 1863 872
575 590 1128
-379 -355 1689
1860 1900 747
372 402 1725
1551 1579 100
1974 2000 765
-1314 -1286 1223
606 634 681
1881 1898 1999
997 998 313
1894 1906 162
1245 1274 1020
469 499 1028
-1321 -1305 534
-657 -654 243
1845 1874 1799
-127 -109 606
-1129 -1097 1345
-481 -453 1423
1657 1669 1640
604 627 615
563 589 1828
-1735 -1713 1239
911 923 452
-759 -727 1884
-604 -598 1561
-1300 -1285 647
1616 1627 999
-1524 -1494 571
1748 1779 586
-489 -454 96
1627 1628 1517
604 638 4
-1000 -998 1097
-1934 -1922 493
486 511 1275
862 887 706
-1645 -1622 1584
532 554 579
-458 -419 1507
-194 -159 273
-105 -93 750
-1678 -1666 1665
-213 -175 1311
1747 1775 408
-1698 -1660 1240
570 597 428
-772 -752 567
1770 1781 1606
-1815 -1796 1319
-1370 -1356 1873
-1594 -1568 320
-1830 -1824 1836
314 342 1204
-155 -142 897
-1494 -1492 1593
177 184 1927
1524 1553 328
1247 1248 1717
113 123 780
855 893 1644
206 224 128
-1456 -1445 396
-1707 -1693 646
1507 1538 1203
1389 1419 1
1458 1497 1860
492 498 1659
1378 1389 209
-109 -108 1396
478 486 1865
-799 -784 60
381 412 1243
-854 -844 1929
-1183 -1182 830
-1712 -1675 1689
-1135 -1099 1661
317 344 1968
-482 -478 1255
-835 -821 903
1851 1888 1945
-907 -882 1086
1703 1732 730
1007 1045 820
1313 1318 188
-1227 -1221 739
1943 1944 1037
-389 -364 240
989 1006 231
1560 1590 1084
-1634 -1616 1729
-1351 -1315 1477
-547 -528 1100
-1423 -1421 271
934 956 617
1217 1220 755
1417 1440 737
1132 1146 1202
-1521 -1511 1178
693 729 1583
-1256 -1230 1471
23 38 847
260 261 1810
-965 -927 1003
1843 1850 2
3 8 510
206 221 1643
-106 -102 1043
-1072 -1057 1965
-185 -181 1641
-1631 -1619 1811
-168 -151 1514
-1585 -1559 718
-1517 -1516 1378
-1284 -1256 551
1235 1257 1655
-153 -139 366
234 269 729
471 503 868
962 975 1766
-152 -137 1652
1278 1286 1416
1953 1974 1651
644 675 1019
-1535 -1524 1725
-1647 -1615 1327
-1124 -1090 1595
-1958 -1924 1065
481 493 1790
154 171 690
1936 1966 1668
1805 1818 1204
141 161 1973
290 298 1314
1902 1935 1890
-994 -990 1425
-733 -699 40
836 838 1923
1724 1740 1143
204 223 1159
-1293 -1281 214
902 914 282
1650 1670 1771
1673 1711 190
121 136 1146
1360 1372 1565
-1294 -1292 30
1960 1978 473
-1184 -1149 1830
-451 -422 266
379 410 883
-1993 -1977 1232
1231 1261 699
-1992 -1989 1114
-1105 -1080 216
855 889 625
1216 1226 353
495 508 245
-1449 -1445 1606
68 85 151
1502 1520 610
1795 1808 1672
1954 1955 849
1351 1381 739
1817 1834 1015
1052 1080 1978
1 10 1705
-1795 -1768 1338
349 354 1511
452 480 899
1153 1173 1869
1432 1436 95
-1872 -1868 1140
1797 1835 344
496 525 1728
-117 -95 1783
357 375 1519
603 623 893
157 167 1136
514 534 517
972 980 65
621 659 183
-331 -319 945
1352 1388 952
17 41 1397
-1874 -1851 302
-879 -845 114
-1068 -1043 1610
320 323 933
-519 -508 748
1610 1644 1972
-999 -974 387
-128 -106 647
-943 -910 300
691 702 1278
1217 1219 70
-1542 -1502 73
1698 1704 1051
1488 1527 1060
-808 -797 1260
-918 -917 1334
-46 -20 1598
903 927 367
-62 -35 1574
-1485 -1478 1352
-572 -550 753
991 1029 582
-1123 -1088 594
642 647 100
-1543 -1511 557
-853 -814 1407
263 272 1998
-1178 -1141 429
-1993 -1966 398
332 363 1205
153 186 308
630 641 750
-1188 -1177 665
1699 1737 81
-589 -586 1374
1763 1791 25
1503 1529 1089
447 476 1906
1655 1662 747
-331 -309 59
346 381 758
1832 1852 1151
648 663 1165
165 182 792
-76 -56 128
1467 1476 995
1753 1769 1832
287 303 901
-1410 -1399 1441
1673 1687 958
-1117 -1105 1823
-1014 -997 351
-729 -715 31
-299 -265 575
-370 -355 1550
-1291 -1253 79
1876 1883 1952
339 368 1615
1260 1266 982
1640 1657 243
-1832 -1826 1145
1723 1729 955
-56 -39 1127
-1604 -1569 747
1615 1633 598
-247 -234 834
172 191 1569
1555 1594 601
-1911 -1893 478
70 95 627
1096 1134 1481
289 325 434
-1009 -970 1219
-233 -196 422
1732 1745 249
-1418 -1394 1570
561 585 1182
-1532 -1503 120
-919 -904 1600
160 180 525
1843 1844 22
-1360 -1344 1432
-535 -533 1465
885 896 653
-933 -915 1935
-645 -609 232
-1389 -1383 833
1487 1505 1301
425 449 409
1495 1531 1091
-88 -84 249
1855 1880 90
-1067 -1046 1307
-1013 -1008 833
-21 2 1822
806 821 205
-978 -952 1210
-1155 -1144 1355
250 273 1179
1974 2000 455
1161 1177 813
-1012 -973 594
-1824 -1821 62
-1115 -1085 1488
-154 -139 748
379 387 1222
1966 1981 1416
182 198 1872
1151 1172 1666
-1297 -1269 1432
1258 1267 1227
46 50 391
1130 1146 549
1856 1857 1342
570 587 433
945 960 700
-43 -36 1739
-1326 -1316 924
-366 -356 1342
-287 -251 1195
1216 1238 726
-301 -275 1967
-1942 -1933 179
1100 1124 578
-1097 -1068 1912
-705 -665 1310
-1371 -1345 984
1975 2000 1168
-71 -44 1377
-355 -339 1322
-1117 -1090 1182
322 339 1242
637 660 1579
-1979 -1941 644
-1865 -1854 153
-1253 -1237 72
212 218 476
-1401 -1383 959
1709 1748 1622
1336 1369 1460
847 885 235
185 190 1454
1469 1499 610
-1537 -1525 1177
491 508 283
-131 -115 911
-819 -814 1199
1679 1686 1524
370 373 72
145 151 1747
-552 -523 1863
1590 1610 1704
325 332 1275
519 531 1627
-1179 -1156 947
1667 1690 901
-1999 -1963 1333
525 532 1476
233 272 1878
1949 1986 84
1420 1448 1583
-380 -356 344
-749 -714 55
15 43 672
472 504 1801
365 377 902
1151 1165 1459
390 405 695
-252 -221 1480
572 611 289
-1873 -1857 1675
677 714 1858
-1786 -1780 1824
165 204 247
-1250 -1212 1145
-988 -956 1984
-236 -196 64
-780 -755 114
582 620 1989
536 537 267
304 330 1597
-1570 -1552 1099
-528 -497 567
869 873 1168
363 397 1174
1701 1729 1083
-1598 -1574 279
271 299 292
718 757 1778
-1243 -1206 1693
1744 1758 335
-655 -618 126
950 963 815
1401 1423 1530
1192 1197 1342
-462 -439 1114
381 392 992
654 657 127
156 169 656
-205 -187 20
-1513 -1494 1446
-1093 -1055 1355
-1333 -1293 977
1538 1545 1104
-1623 -1604 492
-1420 -1408 249
932 939 1785
882 909 1572
156 183 1286
-47 -11 1579
-875 -869 1903
242 256 1767
1550 1565 1927
-91 -64 652
626 636 614
1033 1039 1793
277 302 481
-1754 -1747 1603
-1026 -993 1698
-396 -382 835
1433 1448 1022
-662 -638 1185
217 222 1162
-642 -613 794
674 680 1778
1819 1840 776
-666 -649 1522
-279 -243 289
1146 1153 1773
-561 -525 1546
110 121 1780
-656 -639 1890
1138 1152 21
17 21 180
-1508 -1505 710
-1670 -1655 601
-469 -446 1961
-1838 -1808 572
1685 1704 422
-1774 -1756 1375
-1185 -1176 1848
615 653 630
-1441 -1424 1142
-1825 -1789 938
-646 -614 1898
-315 -306 1225
-1552 -1551 591
-1257 -1237 1562
685 712 1123
787 816 702
1709 1728 1352
952 971 367
-46 -40 1070
575 611 885
1345 1348 891
161 162 56
1238 1247 566
-1579 -1567 189
587 607 483
-1440 -1422 1848
154 186 1833
-1301 -1298 1112
-832 -824 999
1800 1813 4
1017 1045 1602
1440 1469 998
-1373 -1362 929
99 114 1264
-1572 -1540 1371
-1391 -1381 1331
189 195 295
1785 1813 951
483 489 497
1558 1569 583
-1630 -1597 538
1315 1316 220
-839 -829 1001
-1287 -1260 1398
-513 -506 1292
-958 -919 888
1864 1884 1497
557 577 460
1029 1030 822
1000 1013 1291
1505 1533 570
-1450 -1418 22
1920 1932 1807
-820 -790 1141
-187 -173 70
28 61 999
1907 1921 637
1911 1921 1489
-614 -589 1403
1509 1517 748
1871 1872 9
-122 -118 537
-1300 -1292 583
-1680 -1652 1767
-435 -410 1157
-458 -457 1042
1243 1277 1063
844 851 551
-1476 -1443 1789
-5 6 1074
-1414 -1382 482
-509 -473 1314
-435 -416 686
-576 -555 1455
-201 -177 1372
166 206 1779
-1835 -1827 96
316 339 58
-1062 -1044 1576
-53 -25 1832
1943 1981 300
-353 -351 1246
-1101 -1093 1820
576 588 873
-1393 -1371 1784
190 212 1858
-1418 -1406 1870
-542 -533 93
1748 1773 1439
418 433 1969
737 762 1900
564 604 1230
1453 1482 1943
-1074 -1070 586
-622 -614 1253
29 48 406
-878 -867 1170
1881 1901 753
-684 -650 112
477 480 808
479 496 1411
990 1029 1687
608 636 307
229 239 1702
-246 -220 654
385 406 1106
-904 -881 334
1811 1841 1030
210 234 586
-177 -160 532
-1633 -1627 851
1183 1197 808
-1824 -1805 383
-1750 -1730 442
1816 1843 1802
-1596 -1591 407
-1766 -1765 1486
-243 -214 1630
-860 -845 1913
-1775 -1759 40
-1442 -1411 658
257 272 1506
112 115 764
1821 1851 729
-902 -866 684
-1646 -1618 1079
1861 1889 454
-931 -917 880
-396 -388 1493
-1172 -1147 331
1248 1253 733
-702 -700 1971
-20 19 1932
-1047 -1033 116
-390 -381 1265
976 1007 1302
1854 1885 1315
-784 -781 109
1283 1319 29
565 567 410
-14 -8 1384
-1052 -1050 561
-1920 -1916 1812
1035 1063 668
1160 1190 1643
-660 -641 1405
-1162 -1138 1608
1274 1314 283
865 904 764
-397 -381 811
-126 -116 486
-1929 -1905 1564
1765 1796 1705
1186 1205 465
-832 -803 882
-1553 -1532 166
770 794 591
859 862 827
995 1009 876
-1703 -1681 764
537 555 550
671 688 1453
-527 -502 1595
455 463 1317
186 189 185
463 481 754
983 1018 1840
314 345 1230
100 136 1548
-1948 -1930 1033
193 194 1702
911 931 1422
-1285 -1254 1985
-1539 -1524 1545
1701 1720 1661
823 842 1389
1473 1504 1441
856 859 1024
603 618 1606
-1195 -1178 1881
-1134 -1110 367
104 137 860
-1825 -1806 1682
1305 1310 1341
-1325 -1292 724
1698 1702 785
1327 1330 1617
1769 1786 1856
80 107 1097
-1989 -1974 1445
1147 1182 701
1671 1698 327
1621 1641 141
420 436 767
-1644 -1637 1564
502 514 542
1159 1166 756
-770 -768 235
196 223 1723
292 303 1975
1730 1770 1950
-99 -62 357
1393 1396 1035
-1356 -1316 370
349 366 897
458 461 1306
-1821 -1787 1049
-78 -57 541
1350 1353 888
1246 1267 789
-1401 -1395 1493
1835 1852 1903
-661 -659 983
-70 -43 1570
1310 1342 22
879 883 1562
780 811 356
759 768 997
1416 1439 1816
1253 1278 105
-1672 -1656 464
-1754 -1740 572
-1692 -1664 1315
-402 -401 1510
848 864 1359
-447 -428 8
-264 -254 724
-390 -363 1316
374 378 502
-1220 -1215 1942
-1950 -1934 678
-1037 -1031 85
-1106 -1101 224
1847 1880 1118
819 845 1338
1443 1482 1358
-1122 -1118 109
1988 2000 750
1025 1034 896
-1297 -1293 1329
435 461 1080
766 771 1183
-382 -365 1259
1829 1851 385
777 816 925
1521 1545 1367
1460 1462 1033
1593 1614 714
-1231 -1221 1015
-1665 -1651 223
501 518 1653
-630 -618 330
6 25 1007
1076 1103 882
-133 -102 1951
-1509 -1471 1118
880 904 277
1749 1771 108
-1677 -1674 1017
1929 1950 1205
-597 -562 1657
778 804 1548
-1651 -1633 99
-350 -349 167
545 561 1519
1798 1811 1537
-253 -221 33
1637 1660 914
825 847 1998
1008 1036 1742
-825 -824 412
632 659 558
577 599 158
597 631 789
1377 1383 1996
-294 -282 1193
861 865 675
1501 1508 1135
-1441 -1423 933
-181 -157 831
-1853 -1850 406
-1187 -1150 1808
-414 -403 289
1225 1265 283
-1679 -1662 500
-520 -504 450
-364 -362 491
279 307 1808
-526 -489 989
371 375 1908
59 61 271
-680 -678 534
-211 -196 52
1902 1926 941
738 747 1531
98 106 268
1608 1630 239
-1252 -1230 1319
-907 -877 537
853 872 170
-73 -36 389
-593 -582 1927
817 849 1598
151 168 805
-5 28 366
-520 -482 1162
-1054 -1041 1690
329 369 216
1099 1126 339
171 191 646
-682 -653 223
-1759 -1758 929
1069 1095 395
1063 1084 1650
784 804 1029
1086 1107 1584
-1326 -1318 1666
1886 1898 1496
719 749 142
-542 -514 1191
-1657 -1621 610
-737 -711 1112
-806 -805 1535
838 875 440
-21 -19 1453
222 241 972
138 173 1971
-510 -488 952
-1617 -1579 1081
-895 -857 452
528 566 1131
225 256 1037
358 389 1930
-1215 -1188 188
564 572 343
-1576 -1557 366
560 583 309
-1729 -1713 1334
-1549 -1530 559
1203 1220 1081
1326 1356 131
1561 1568 367
-4 15 1016
-1356 -1327 1646
-1320 -1287 1858
633 654 1718
-1331 -1313 1285
-1240 -1207 679
-1883 -1881 477
278 281 1436
-1639 -1601 598
-101 -97 1253
-994 -976 518
-43 -36 1929
1888 1912 1027
1950 1963 426
708 731 1375
-1999 -1978 1981
429 456 1241
47 56 729
-293 -270 8
1861 1884 718
534 563 487
1180 1199 1491
1047 1055 55
-14 5 261
-471 -459 432
-128 -127 1817
15 54 970
-681 -677 1880
-834 -833 1050
-537 -502 1794
-1460 -1420 1412
1988 2000 252
769 799 1119
940 979 1823
-1559 -1544 1642
1282 1315 119
-1704 -1688 874
-1631 -1602 186
738 766 175
893 923 913
-1774 -1736 625
-769 -740 1236
-1317 -1294 590
-1238 -1228 984
372 409 688
1496 1503 964
-1537 -1521 1621
884 913 1100
18 58 1172
-1267 -1258 739
-452 -435 1427
-1614 -1577 1374
1648 1681 1306
-1396 -1382 308
1394 1400 1368
1185 1199 1879
-778 -741 305
752 777 521
1321 1361 355
538 550 1577
-611 -588 108
-795 -773 444
1236 1237 399
1630 1662 1095
-1903 -1877 777
777 786 478
681 696 1347
1015 1021 551
-542 -536 1853
-684 -669 1868
-673 -642 1091
-1381 -1360 362
165 200 697
-86 -70 1515
-364 -357 1542
369 408 151
-1743 -1736 1906
-1319 -1313 988
-1070 -1031 778
-232 -198 1689
837 868 462
737 756 817
943 977 569
1158 1170 679
-275 -263 1011
107 142 791
-1645 -1627 919
-1938 -1913 927
-94 -60 103
1966 1999 826
419 452 1516
-1410 -1379 1550
1554 1561 1682
-630 -591 499
1082 1114 692
-1277 -1256 797
-1494 -1486 1805
-394 -388 197
1304 1326 1625
161 190 1529
-106 -81 68
-224 -222 300
-412 -397 1619
1298 1308 2
961 975 1941
-952 -912 622
-1160 -1155 104
-300 -263 1599
-1464 -1433 1842
824 837 1827
781 783 642
-763 -761 1273
-1203 -1165 1694
1592 1601 389
1845 1878 1413
345 349 530
-1239 -1231 773
-1259 -1251 155
-688 -648 249
1167 1176 1711
-1082 -1072 1661
-88 -67 935
782 808 1935
-639 -636 798
-1134 -1122 1824
1474 1513 1595
708 738 1982
-7 10 572
-1694 -1669 61
-1520 -1499 1878
-855 -826 664
1574 1581 440
1130 1163 925
-804 -767 1343
-1607 -1569 628
511 541 1805
1055 1071 356
-1311 -1284 237
-535 -512 452
-1840 -1819 1414
763 796 1199
-634 -601 985
-1777 -1766 613
585 607 1052
-292 -287 1510
-1910 -1874 703
86 112 25
1005 1011 1825
-276 -259 1389
306 330 81
1885 1891 469
196 217 1896
-1882 -1868 1006
-1559 -1554 583
1207 1232 794
-474 -450 1315
-1403 -1376 774
1838 1864 1731
-999 -975 272
1241 1252 731
-1975 -1953 1322
-1463 -1428 701
462 464 19
-7 5 1829
-1148 -1133 1053
-1484 -1469 1712
-1378 -1361 1458
938 944 767
-1980 -1944 1182
-1572 -1552 1955
145 181 1538
-1493 -1491 1353
-1491 -1484 708
1942 1974 1094
-1689 -1673 325
446 481 878
-1030 -993 475
1171 1176 475
-72 -62 1752
753 754 1163
234 273 1440
1082 1094 1442
-120 -103 698
1960 1978 1575
1170 1203 968
1909 1935 1434
327 338 306
-641 -610 780
-1017 -978 1769
-705 -700 1995
-1336 -1312 1288
-1570 -1558 466
-1302 -1277 1737
-1009 -970 1746
-1466 -1435 1007
303 309 491
1682 1721 1875
1548 1584 615
602 614 676
-1228 -1208 703
244 251 908
-1167 -1147 289
-269 -263 100
267 278 839
-1564 -1526 536
-1539 -1501 170
1248 1259 793
-1299 -1293 1618
1403 1412 632
-1336 -1334 421
1324 1327 1760
-1502 -1501 120
1399 1425 1048
801 824 1710
-1855 -1850 1488
1052 1086 1548
737 740 48
-230 -213 1096
1484 1517 51
654 663 964
-731 -695 1996
284 287 395
720 737 1851
-1525 -1488 1818
-139 -103 1766
1608 1643 736
1093 1099 1187
1685 1708 1552
256 265 1031
1341 1365 1651
-892 -864 876
-40 -33 766
1856 1868 1016
1874 1894 407
1787 1827 86
201 212 1399
157 187 30
-1759 -1735 411
-521 -505 927
378 395 590
-77 -48 269
604 623 784
-518 -479 207
-488 -468 491
1707 1742 1376
429 441 812
1670 1694 508
-1231 -1208 1336
-1450 -1412 1014
1048 1081 37
-308 -271 413
-628 -588 918
-1819 -1809 1557
-482 -451 1228
1692 1731 1456
1579 1615 538
-1767 -1744 1949
1509 1511 515
-1079 -1041 1281
105 126 1613
-1631 -1596 574
-941 -923 494
-759 -736 1820
263 265 1193
-1337 -1332 1063
-1502 -1480 1825
536 542 1687
1121 1150 183
1608 1633 374
-1001 -986 383
-1920 -1916 1895
-1730 -1698 95
-1242 -1217 125
816 834 1120
-1181 -1180 1231
-1755 -1747 349
609 649 416
1791 1812 666
769 808 1564
1610 1611 547
1648 1674 1913
-925 -885 1060
-755 -732 1850
-467 -457 1126
-1229 -1207 1239
261 288 1970
850 887 188
1926 1950 730
-1458 -1432 1134
-1641 -1626 1515
-963 -931 1895
474 476 1149
-184 -149 1543
1384 1390 271
1019 1029 340
-1291 -1251 771
-1524 -1494 889
-267 -244 782
227 243 509
426 434 1425
-1185 -1167 556
-1221 -1209 216
1991 2000 1892
1114 1116 870
325 341 398
-37 -4 1141
-1280 -1249 585
37 68 46
42 45 1494
282 317 1284
-1233 -1228 1968
-1771 -1743 1814
-515 -503 1966
115 140 1307
1312 1320 595
-1635 -1614 490
1257 1294 1975
1024 1046 1346
-451 -414 839
1384 1396 1267
-913 -891 1723
1316 1350 1021
953 960 1757
-1628 -1616 228
-1204 -1179 1831
-782 -759 767
142 152 1687
-573 -550 366
285 319 33
-1980 -1975 162
890 927 1085
339 357 1834
573 587 1521
1020 1029 678
-1452 -1423 973
-91 -59 336
-420 -407 1504
-667 -635 1290
-1929 -1921 321
-741 -703 752
180 205 1980
559 597 387
25 32 917
155 170 1948
-1156 -1116 438
116 136 399
1799 1813 1147
-1132 -1104 499
-1562 -1536 324
1927 1953 1787
-267 -257 547
822 842 197
-1361 -1326 1008
1334 1374 733
1165 1168 514
971 1004 1155
1184 1198 1964
1123 1131 572
1412 1448 459
921 942 895
-449 -439 645
-1479 -1456 148
-1324 -1311 1488
398 408 1607
571 579 208
561 594 1893
-124 -98 170
-1211 -1208 1640
1487 1510 1338
1316 1326 476
-1815 -1809 1852
1572 1597 399
239 261 1312
-744 -704 1490
1111 1149 1180
-1443 -1440 559
765 766 1504
-1323 -1288 360
-905 -883 376
238 266 390
-261 -245 643
-1444 -1404 1545
445 462 565
232 272 1959
-1825 -1813 1693
1196 1206 1191
-1301 -1264 1957
-994 -957 684
1792 1814 1645
-1796 -1795 510
-1877 -1847 551
1596 1615 1751
-43 -22 889
-1580 -1541 683
-899 -878 38
1298 1311 70
285 298 1413
-1109 -1084 583
1621 1643 853
403 422 1579
-764 -730 1020
1403 1423 1305
-1764 -1757 1431
543 548 450
1623 1639 1412
596 618 540
-32 4 1892
-754 -732 1346
1904 1929 1593
470 506 726
-1017 -979 929
-18 15 1867
618 643 1612
-526 -491 1971
-1726 -1699 240
-1615 -1597 624
-1401 -1386 771
-503 -499 1207
-1938 -1900 302
950 958 479
-344 -324 1266
441 467 1850
-1377 -1349 1004
-1397 -1358 1544
-315 -301 1168
-136 -125 1641
-335 -330 1476
-1197 -1180 617
-1785 -1755 1135
-1476 -1459 902
1124 1143 1467
-33 -29 1089
1894 1904 1091
216 236 1337
-614 -590 1747
-572 -546 1807
1603 1641 277
827 835 1171
-474 -468 872
-911 -871 96
119 153 1841
1769 1784 1812
939 958 41
754 766 937
1012 1013 1657
1425 1437 405
-1295 -1290 1853
42 47 1797
-627 -610 744
-949 -946 1992
1781 1812 1623
1851 1852 720
-1749 -1710 1752
558 572 451
641 676 1920
250 289 1443
-707 -690 1297
-826 -789 1619
-1786 -1768 209
-1392 -1380 1363
-1806 -1766 1761
-1214 -1191 37
1079 1113 922
360 364 1264
-376 -353 356
-341 -323 498
-1701 -1680 466
773 795 1480
49 72 1411
1378 1382 499
263 289 1516
14 17 1597
-708 -684 592
1427 1440 1684
-1113 -1107 813
362 369 398
-723 -688 580
334 364 1158
75 78 1002
92 108 377
1086 1088 1135
-1032 -1015 832
588 602 129
809 833 1526
1517 1548 290
396 401 921
-1051 -1025 1318
-957 -944 615
1497 1532 1168
-914 -899 1210
1089 1097 1557
-1735 -1723 1954
433 442 1067
1211 1212 1465
960 977 699
883 902 518
-1897 -1863 1983
1242 1274 895
1620 1642 1761
-55 -26 641
1091 1122 1852
1636 1639 961
649 658 114
1144 1178 536
-1672 -1638 1018
-1300 -1268 658
-26 -13 347
122 158 735
-1393 -1389 1341
1309 1349 770
1965 2000 1749
972 978 773
1042 1054 1595
1802 1813 1766
-1940 -1906 804
-1569 -1540 1010
-111 -79 35
891 906 1869
787 793 1052
483 494 1207
436 449 9
-458 -444 128
1005 1036 1661
-232 -201 1001
-194 -159 700
-814 -776 1804
-1931 -1909 672
-332 -331 1860
1988 2000 426
-1857 -1831 1733
-172 -136 1564
1168 1197 72
-1016 -996 548
89 115 1691
1281 1289 1237
-898 -872 115
-548 -512 1496
1224 1237 1267
-1498 -1462 1266
665 677 1729
1011 1039 1839
1315 1353 1370
-801 -768 1175
52 70 721
126 164 1994
78 113 62
-274 -246 567
527 549 818
-357 -350 1040
-909 -875 206
-652 -640 1131
1042 1048 824
-1112 -1105 560
-335 -306 1025
770 792 1184
-1642 -1626 611
349 355 35
1992 1994 143
1598 1618 1501
-372 -358 848
762 766 80
-1993 -1954 450
365 377 1496
428 454 438
603 604 497
1890 1914 644
1005 1011 371
-1957 -1921 1084
-132 -97 126
337 377 483
3 43 1111
1068 1071 1281
-327 -313 1510
1361 1371 878
1072 1108 911
-1223 -1194 227
1373 1374 1384
1356 1362 299
-1660 -1654 1501
-390 -358 1439
-1334 -1310 1587
-914 -898 158
1306 1316 1917
636 663 1949
1441 1444 486
-401 -394 100
-1073 -1065 649
189 207 83
393 412 1269
1479 1499 1808
-859 -838 292
-256 -226 1298
671 678 1278
1536 1562 462
-967 -928 366
-1185 -1170 1433
-922 -882 11
-1917 -1889 441
-732 -728 1358
-1375 -1360 176
259 292 812
1753 1768 1623
-1706 -1701 100
-1809 -1799 205
-1886 -1866 1550
1163 1176 851
720 729 913
-1292 -1270 1224
-1335 -1334 1612
1443 1476 753
18 57 1824
366 369 57
4 19 770
797 816 1836
-1412 -1375 1612
1455 1460 306
1047 1071 1505
-578 -552 661
1657 1679 670
1024 1038 1619
499 524 1515
-1986 -1955 1717
264 281 1054
-181 -164 1917
-1706 -1691 1455
-639 -630 1522
-1748 -1740 1417
189 215 207
295 335 902
-1015 -978 524
-239 -212 903
-878 -850 1491
-1425 -1410 823
494 518 1476
546 581 776
-1330 -1317 899
-1863 -1842 81
1500 1515 1826
-888 -887 1557
-1466 -1459 1658
-1439 -1415 533
773 776 1028
1786 1814 849
1521 1545 1584
-1971 -1967 1240
1726 1737 68
-746 -727 140
-1012 -996 942
-173 -135 1573
-1377 -1343 767
1288 1292 1191
-1643 -1604 10
281 297 1499
-1580 -1545 295
1634 1671 948
-1171 -1159 1762
1780 1813 1171
705 722 466
-994 -985 438
-1871 -1852 1226
-429 -426 730
1713 1748 1763
-801 -789 1674
-1076 -1073 697
279 297 1346
1235 1238 1995
690 712 81
1193 1195 448
-1474 -1461 1499
-355 -342 1855
1377 1402 82
1296 1336 962
-42 -26 1357
440 458 705
-498 -492 1653
1157 1168 657
-1257 -1248 646
-916 -905 807
-1569 -1561 1785
800 837 831
-1438 -1408 284
-532 -517 1167
526 545 1128
-1861 -1856 685
1031 1052 818
1095 1132 965
-1435 -1397 333
-186 -158 755
-1681 -1662 31
-958 -924 901
305 322 1820
-1362 -1342 713
-1957 -1944 525
-1330 -1299 1190
-130 -94 1477
249 257 393
-660 -640 1620
1244 1283 1762
809 828 16
-1724 -1715 285
-1770 -1744 475
-1617 -1611 1739
39 58 307
1567 1587 1201
481 489 874
-720 -711 1191
-237 -198 306
509 537 1654
-794 -758 1381
872 887 35
-67 -54 1297
881 901 1357
1672 1691 1959
-1863 -1852 669
-94 -70 1389
49 74 1436
-286 -277 319
-455 -427 1018
-1862 -1842 653
-24 -13 1077
1545 1576 859
421 450 760
-1622 -1583 1724
782 790 1603
643 673 876
712 737 912
927 938 20
-1098 -1072 1842
-1282 -1242 387
-1081 -1075 1000
-1569 -1560 1982
-1706 -1669 1425
-162 -126 875
1728 1737 1451
-1881 -1851 914
-1676 -1644 973
-417 -382 1328
-950 -929 381
702 734 528
1054 1068 1675
-519 -483 1270
1857 1885 533
-1705 -1701 901
-1328 -1311 1391
-1751 -1719 404
-1274 -1256 1179
-1309 -1305 823
255 272 1243
-788 -787 718
-1134 -1113 797
-1658 -1630 56
812 842 1173
-62 -22 1680
-1795 -1755 1400
1483 1505 1039
-955 -953 1249
1612 1624 1317
1542 1543 1356
-627 -614 625
-102 -71 879
-75 -48 1107
1579 1580 215
-713 -682 467
-1630 -1596 1455
-241 -216 1867
780 781 625
1149 1182 606
-150 -144 274
-99 -90 630
-878 -865 826
1336 1363 683
-1601 -1591 1982
47 48 611
369 392 209
-913 -892 850
1127 1137 1381
-692 -681 485
-238 -206 685
1366 1406 1387
-576 -575 1299
1727 1741 279
1117 1125 536
1217 1230 345
-983 -961 445
-1078 -1039 1997
1523 1541 1716
-39 -6 283
670 684 1472
-862 -835 1273
-1878 -1846 1048
1209 1215 1525
-623 -602 319
-1100 -1068 645
-1354 -1348 863
1292 1295 1820
-1607 -1577 559
-677 -641 70
833 863 1263
-710 -685 160
1376 1407 1130
1781 1788 46
-857 -839 1756
-1976 -1950 131
-1789 -1762 1517
-1202 -1180 1474
83 112 915
1067 1085 1558
-1756 -1718 605
-775 -748 1566
-1069 -1029 239
-443 -437 227
-123 -104 1956
-512 -487 760
-1806 -1802 1600
-427 -407 1122
240 247 1961
-1753 -1718 306
-906 -898 94
-1533 -1524 861
645 668 41
-317 -278 213
1531 1567 1824
-10 12 1941
467 500 750
993 996 1632
-1024 -998 489
1842 1880 285
343 376 1809
1781 1784 1727
-841 -831 961
1759 1795 842
-1982 -1957 648
-22 -14 634
699 710 1322
-1097 -1078 1140
-826 -788 1736
-49 -30 592
-837 -804 301
841 873 673
-685 -652 870
-1876 -1859 1106
1034 1042 1105
-83 -62 442
1129 1146 1768
805 806 1207
1415 1441 1063
46 73 591
1711 1746 148
-62 -22 257
278 315 272
1159 1171 724
-144 -141 1168
1626 1652 251
-1516 -1514 395
-614 -598 1649
-369 -352 1045
-272 -244 1367
1433 1451 942
-444 -425 251
-1357 -1325 1731
-1023 -986 1556
869 872 518
110 133 1636
-1026 -989 1754
-395 -388 1711
-333 -328 844
523 561 1622
-1389 -1365 857
102 109 363
876 892 1395
1656 1684 1544
-974 -964 782
-1819 -1815 783
-302 -269 1743
1861 1896 746
-1267 -1263 951
-1088 -1048 1216
1135 1145 676
650 652 60
-381 -354 644
-1306 -1296 1643
841 877 360
-623 -587 1306
482 508 798
-770 -731 175
81 87 1142
-795 -768 513
365 385 1266
-1567 -1527 403
1425 1427 1760
554 585 1135
316 350 974
359 365 828
-92 -84 353
-985 -947 1324
-1151 -1144 1971
37 73 351
-972 -968 1854
-1065 -1063 501
-1946 -1936 733
721 743 99
-1286 -1274 977
843 856 1690
-155 -134 911
-1320 -1282 883
1146 1153 1421
-580 -545 1721
-1857 -1846 1396
148 163 119
638 651 308
-358 -350 337
-925 -890 269
821 849 879
-1392 -1385 1519
1932 1943 1948
1930 1966 175
-559 -538 578
537 545 228
-1053 -1022 1397
686 719 1069
-513 -507 362
-867 -851 751
-1531 -1529 265
690 708 782
1343 1377 778
-1790 -1767 495
-476 -446 1601
93 105 92
133 167 634
1905 1918 1960
-1288 -1277 781
-705 -694 1820
-716 -676 122
-1955 -1942 1252
-1438 -1426 722
-616 -576 961
1862 1880 492
-1601 -1561 1958
675 712 436
843 883 332
-1628 -1600 970
1199 1236 621
454 475 1669
1977 1996 977
-1032 -1019 25
337 349 945
-1971 -1960 196
-1422 -1408 1379
289 319 336
1528 1568 101
-642 -639 775
-1566 -1548 1770
1857 1876 1028
713 720 346
1137 1154 135
-769 -764 1292
137 157 1003
1512 1528 1458
-529 -519 511
1235 1257 1695
757 784 277
-1651 -1643 952
-1694 -1690 1858
110 125 1652
-1626 -1612 386
1221 1235 1454
-1554 -1539 125
-611 -602 1871
778 816 1813
-550 -519 944
-847 -813 552
-972 -946 269
1874 1907 615
467 500 1105
1607 1614 1898
1582 1610 248
508 533 544
-1971 -1948 388
117 152 1085
-1087 -1059 446
-1897 -1866 1085
1355 1363 1278
-1149 -1123 24
-491 -452 1572
-1446 -1414 275
1374 1382 1332
1427 1450 1620
-1484 -1472 459
799 811 1926
1555 1560 1155
584 614 1700
-1789 -1758 952
-1847 -1828 1877
-740 -733 1897
1104 1140 723
-307 -280 1149
1317 1346 1508
-267 -254 669
91 115 107
-1071 -1063 5
-1735 -1728 1453
-1301 -1297 198
-1087 -1078 914
1259 1278 49
-1912 -1901 451
1124 1150 1445
-1977 -1964 818
-1945 -1927 319
1603 1627 989
-1722 -1719 1680
596 599 1807
316 337 1292
899 934 1518
-422 -406 1088
-436 -413 1259
-760 -732 710
-864 -861 1498
-752 -723 1908
-841 -835 332
1132 1166 1286
-1139 -1111 1922
610 645 998
956 959 2
-1758 -1727 1295
651 676 1335
-157 -141 488
1756 1762 45
602 634 822
-66 -64 1613
1102 1111 254
-1855 -1833 1540
-630 -614 1927
-1725 -1697 68
1979 2000 1003
1641 1658 963
-650 -644 72
657 690 61
1745 1749 967
1426 1454 895
-1543 -1526 915
778 813 627
59 83 774
-1734 -1704 1690
183 219 1909
996 1007 1893
1941 1945 1722
1542 1555 959
-901 -881 1889
-1075 -1059 1080
1442 1474 353
1449 1469 366
1064 1077 677
-1490 -1479 1390
1967 1987 1518
1720 1755 1704
-712 -699 1877
-52 -33 1228
-338 -302 1327
-1618 -1593 887
-1749 -1728 879
-1493 -1489 1182
-803 -763 1120
1013 1034 1535
-1866 -1843 1669
-440 -431 156
-1122 -1091 84
-1664 -1658 336
1232 1269 1162
-1844 -1840 1606
-186 -153 1563
58 67 1250
-1841 -1835 866
-1231 -1205 1291
-65 -29 1205
-824 -801 960
-911 -908 935
1549 1550 49
478 494 1551
878 882 831
1059 1071 1295
-574 -536 1051
849 863 1739
-1911 -1901 94
-727 -690 1161
1177 1188 190
1044 1063 1856
-1297 -1295 1411
1578 1600 1671
-853 -834 325
-1362 -1335 1027
1141 1166 1489
-170 -167 1670
1112 1136 1870
-1291 -1279 1751
-1941 -1934 1342
-1972 -1937 915
-181 -147 1294
-633 -620 259
74 112 412
-1040 -1035 1323
-1560 -1520 1744
1366 1406 838
-1191 -1183 1975
843 846 404
-1436 -1419 1298
-958 -946 31
115 130 1325
1367 1391 1641
932 956 1464
-970 -934 1264
-911 -904 1852
1270 1279 822
1631 1658 1852
-134 -132 910
1107 1128 670
-1304 -1267 1624
1836 1844 753
1266 1277 392
307 330 882
-609 -598 1079
1748 1756 416
1501 1536 1141
954 989 979
1315 1346 1815
-166 -151 635
-1266 -1265 1327
1937 1964 663
1234 1254 1467
1364 1402 227
1731 1744 886
-614 -613 1439
1871 1910 1064
1467 1473 1809
225 227 383
-553 -524 263
1920 1932 980
-981 -972 1261
-740 -726 1981
177 184 544
1650 1677 1216
530 563 183
983 1004 1102
-275 -247 773
1499 1512 628
-281 -271 1134
571 573 1111
-1278 -1264 230
-1361 -1351 1846
964 969 620
1464 1492 1487
1541 1549 1374
1796 1822 1108
-1350 -1327 942
1654 1667 1603
1032 1043 1759
806 840 1248
1701 1704 1596
-303 -285 1556
651 653 1263
1118 1155 1873
-501 -468 1219
611 625 160
-1903 -1890 424
1476 1489 263
-1607 -1605 1411
-1220 -1219 1354
968 1001 398
1858 1895 484
-1774 -1737 1274
938 970 572
340 353 1222
800 813 1569
36 73 229
-1194 -1182 380
-1789 -1762 200
-1865 -1854 1446
1715 1724 1267
-973 -960 937
-1253 -1240 245
865 874 1635
-1998 -1958 1481
1148 1183 149
-759 -740 850
-246 -222 1811
787 809 372
982 997 171
794 805 1510
504 510 1911
-561 -545 1454
222 251 1164
-377 -358 462
1735 1770 1472
-1114 -1096 973
1492 1522 1284
1320 1322 569
1951 1977 841
-1659 -1647 341
1573 1576 1687
1917 1943 1772
1696 1706 335
-1964 -1936 1300
-174 -140 1498
273 313 1471
-1801 -1790 1545
-1231 -1191 325
-982 -977 1948
1846 1882 1195
-677 -657 565
460 493 809
-1469 -1452 1337
1701 1725 214
1271 1311 221
-922 -920 1535
-1648 -1633 620
-1662 -1634 551
-991 -973 869
-1268 -1242 520
-1149 -1146 174
-120 -114 72
-1459 -1458 159
1579 1595 1114
-136 -128 497
661 696 1302
-1025 -996 769
-497 -468 1745
-254 -225 795
4 35 1221
-298 -289 1826
1403 1426 730
-667 -660 365
216 218 1892
16 26 1064
689 710 873
520 544 824
-1790 -1755 1769
-1362 -1337 1106
1122 1137 1652
-1326 -1289 545
1831 1856 1859
-784 -773 1321
-1372 -1352 118
56 93 16
430 459 986
1083 1103 1488
-978 -940 1995
1488 1498 325
1409 1429 373
825 841 1373
115 118 869
-1113 -1099 914
-1645 -1638 1404
-602 -585 677
-229 -198 1965
28 68 1741
-873 -855 502
842 851 1422
-1324 -1293 1001
-264 -259 1326
-1120 -1083 1558
-1471 -1450 340
326 355 339
1911 1947 390
-467 -439 1409
15 40 1983
-1359 -1350 207
1023 1032 1843
53 70 144
1470 1479 680
1373 1387 655
-168 -151 1679
-549 -525 297
-503 -475 875
976 977 1290
-1636 -1608 509
-1348 -1347 155
-959 -939 1613
1560 1583 541
1026 1028 1349
-1771 -1759 589
1061 1066 1967
234 257 301
-1616 -1596 883
1466 1500 802
771 782 749
-152 -125 577
521 537 33
880 917 666
529 536 1168
-1335 -1317 43
1011 1012 20
-1179 -1140 1985
1856 1879 621
92 122 1741
212 241 208
1784 1790 1831
-568 -564 1234
-905 -897 1054
-1928 -1906 1796
-1063 -1049 365
1454 1492 1674
-1676 -1658 1036
-299 -279 161
1061 1099 1035
1846 1869 414
454 485 942
1108 1148 98
-790 -786 1822
-1116 -1111 957
-711 -707 261
1712 1742 967
-1447 -1433 627
-215 -193 1807
361 392 156
298 338 1017
1011 1034 1304
-278 -241 340
679 698 1518
-935 -919 1243
1608 1623 1635
-1401 -1391 1114
-1457 -1424 563
1304 1308 1897
62 76 424
1443 1445 1678
-1635 -1618 115
-461 -423 1206
-606 -570 280
358 391 746
1938 1944 104
30 41 233
-575 -573 641
-1748 -1708 1807
1803 1824 732
718 746 51
1865 1895 213
-602 -576 404
862 898 872
-463 -428 787
1207 1238 1887
948 987 702
-131 -130 281
-1944 -1931 309
1409 1425 752
-656 -629 1358
990 1029 1166
123 142 946
-832 -802 1661
1021 1058 718
326 363 1534
692 727 189
114 140 587
-1498 -1471 920
-904 -887 806
756 758 1988
141 165 781
-1827 -1817 551
1904 1919 568
-965 -933 234
976 1016 679
1483 1498 1138
-1948 -1944 810
1461 1493 146
1620 1651 427
-1207 -1168 1286
1025 1061 1457
1046 1082 1364
713 733 917
1194 1210 665
14 27 1134
-913 -885 1898
355 374 1115
1054 1056 1441
-362 -353 1868
797 816 889
1365 1398 432
312 337 1048
1356 1363 523
-1116 -1079 1776
-1111 -1096 955
222 248 1006
-875 -848 417
1002 1037 6
1970 1974 800
839 863 1227
345 363 465
-939 -918 1809
1540 1548 81
740 773 1905
1235 1262 922
-824 -807 1860
-1991 -1955 167
1401 1405 1153
-1019 -987 773
-44 -4 1930
1188 1213 1468
-432 -417 349
1536 1555 735
-1133 -1119 514
-1302 -1266 1913
1066 1076 29
1434 1461 309
-121 -112 1459
-1121 -1112 269
-1173 -1155 734
1587 1602 454
1847 1873 954
949 950 1507
546 576 435
-86 -78 1276
1236 1241 1001
-847 -844 1802
227 253 1658
-798 -787 415
35 51 1998
-1298 -1280 1610
-226 -210 518
-732 -726 260
1479 1512 1443
-839 -817 138
-1105 -1071 1959
-971 -940 1498
275 306 1933
-1183 -1160 1222
740 775 508
534 562 838
-690 -668 1940
-1330 -1322 1150
203 229 786
-1530 -1511 1863
-1307 -1304 404
-1540 -1502 1225
-289 -266 1538
-742 -729 702
-131 -102 269
-790 -756 748
899 920 1751
1032 1063 944
1080 1120 736
-467 -438 1662
642 653 91
286 305 611
-588 -584 888
-28 6 806
-1591 -1570 1491
818 850 466
1773 1806 651
1927 1942 512
1275 1303 40
-432 -408 86
-1471 -1470 1535
1360 1394 864
-1853 -1833 1990
832 845 1797
-403 -378 1109
860 867 977
-1293 -1283 1664
1129 1140 1510
640 644 837
967 982 263
1913 1917 1546
7 28 785
-491 -472 1552
-274 -249 1229
-1591 -1571 1853
-600 -564 1551
403 433 903
1170 1188 231
708 733 699
187 191 638
-1236 -1201 187
-1950 -1930 380
471 493 1222
-319 -301 1853
1688 1692 1390
-205 -196 114
324 339 1507
-1409 -1386 514
247 271 563
1114 1121 461
-1415 -1395 1632
576 605 1340
-1245 -1230 577
1105 1136 1303
-939 -913 1966
-28 3 1301
-1313 -1274 1272
138 157 1365
-675 -655 1788
-177 -150 396
-961 -954 1757
966 981 490
-1312 -1275 1075
1921 1935 1560
211 225 1568
964 988 432
98 103 509
364 404 1556
-1880 -1852 299
-732 -731 847
1699 1724 1998
-434 -432 1218
-1453 -1449 865
-1092 -1068 1221
199 233 176
-1020 -996 1332
224 231 1451
-1400 -1379 823
883 900 485
873 892 1468
1667 1680 982
967 976 30
-907 -895 416
827 859 72
-193 -164 154
-775 -771 962
1143 1180 1876
-1641 -1614 936
1056 1057 222
1459 1485 1877
1355 1368 1303
728 745 960
-1254 -1249 459
1055 1056 378
-794 -790 1229
-1410 -1379 1713
-1571 -1545 1376
-839 -824 736
-1482 -1464 1328
-1617 -1605 1089
342 367 1606
-638 -610 1342
-354 -332 77
602 619 1401
-682 -643 783
-1542 -1521 998
708 745 1184
-1686 -1680 1634
1816 1818 1949
-692 -684 596
717 742 1895
-1613 -1606 1571
1074 1098 363
1661 1699 552
-211 -189 805
-761 -757 1014
-311 -280 1183
214 254 165
793 820 1149
-250 -244 345
-538 -525 494
1014 1034 262
984 1022 1031
-899 -893 821
1635 1671 1559
595 630 606
326 355 114
-1897 -1872 804
-1959 -1928 1951
-1366 -1338 1829
-1588 -1569 635
305 339 1495
1064 1104 1764
-380 -365 1739
-357 -319 209
520 551 1364
13 43 637
-1575 -1535 1702
-1382 -1352 1338
631 663 505
-316 -296 842
1568 1608 1495
646 665 82
-1736 -1729 1890
1679 1706 1538
1835 1845 1262
-1217 -1187 121
-1843 -1818 1273
1091 1110 1219
-1121 -1098 1550
-1062 -1049 1370
1548 1578 1825
-1384 -1361 1323
-1271 -1237 715
1261 1282 466
-942 -911 947
295 315 1440
-562 -540 1213
1018 1039 720
-449 -413 457
-1033 -993 1494
1197 1233 1962
-1165 -1163 568
-1343 -1303 1327
-656 -643 1920
1525 1551 116
-129 -93 1622
766 776 1755
-1022 -983 1351
-1731 -1727 1380
-1224 -1184 160
-974 -971 1300
-835 -813 585
-30 -28 1678
778 780 817
717 744 460
-185 -162 1314
-1467 -1443 1967
1525 1533 1913
379 418 1010
-1241 -1204 405
-1544 -1518 1190
-406 -392 20
731 745 1601
-1071 -1052 1801
977 995 737
-1807 -1791 918
287 300 1307
1966 1989 1529
106 122 1042
-621 -589 1822
-1062 -1061 1673
-463 -452 879
1823 1856 1539
564 600 134
-1497 -1458 1568
-1226 -1188 653
-1781 -1745 1056
-1498 -1485 774
-1633 -1593 995
-1364 -1361 1408
340 346 1781
1533 1567 1565
351 367 426
-189 -158 617
-1116 -1084 1637
-1054 -1021 1398
-1511 -1505 919
627 648 1417
-308 -277 809
1096 1102 1776
-661 -641 796
-433 -423 1342
-1527 -1495 1609
-192 -170 1591
-368 -352 613
678 680 1477
-1822 -1821 300
-391 -375 37
-941 -926 1401
560 597 984
-133 -117 939
-1865 -1844 157
1794 1797 1198
597 604 1962
165 170 845
1546 1586 1489
1814 1850 366
1500 1520 254
-534 -504 767
1025 1054 1471
589 618 1145
-1415 -1393 376
438 455 611
805 818 782
-376 -340 1779
395 411 1272
-1503 -1482 1575
1065 1105 1762
1010 1023 1555
-1216 -1213 105
585 611 410
78 88 1073
-1313 -1288 1570
1556 1569 1063
-130 -116 1479
-781 -744 316
-607 -590 1825
-330 -298 1727
992 1030 30
-1374 -1336 365
-722 -696 304
470 494 1259
-1762 -1732 671
-564 -552 1243
-1668 -1630 541
-156 -145 1070
1762 1801 1889
-171 -166 1437
-1373 -1350 205
302 318 1353
935 936 500
1647 1649 1713
408 436 470
1650 1685 793
-951 -943 1223
-539 -500 1377
-382 -372 693
-789 -781 125
192 219 1068
1942 1977 1786
257 263 1901
194 216 1215
1024 1039 379
-1735 -1702 1881
-1935 -1895 537
-1156 -1153 109
445 463 1712
-1407 -1368 1354
-859 -842 1106
1809 1837 545
1188 1213 163
234 236 1302
129 148 665
-1026 -1012 1409
-496 -458 676
905 918 732
-1366 -1351 740
1481 1520 1907
-1684 -1675 1614
828 840 1213
-1462 -1455 768
-1518 -1500 101
248 281 1574
-1686 -1671 766
1362 1402 1732
-767 -748 123
153 158 170
-1718 -1688 1998
-674 -634 725
930 951 1935
906 918 162
1634 1657 1644
-1897 -1894 1733
-974 -947 435
-1192 -1174 1570
803 829 1451
-1727 -1702 740
59 95 1111
409 411 1611
-1605 -1583 1635
-953 -947 933
174 180 975
-1513 -1509 1241
1442 1474 1018
44 58 477
1334 1335 65
-502 -501 231
1289 1307 672
-7 -6 1282
-1127 -1122 679
-641 -615 1827
-1924 -1908 1157
469 478 525
-1185 -1177 1797
-1916 -1901 1433
-1375 -1365 1904
531 568 275
-492 -455 243
-1811 -1779 314
-257 -249 843
-718 -715 1105
227 239 1239
561 577 501
137 166 1484
-1344 -1341 1501
-796 -783 1491
-93 -53 1844
1471 1479 1089
1692 1695 1475
1738 1756 980
-539 -504 1801
1552 1554 339
-1267 -1236 1636
390 408 942
-1461 -1457 312
-593 -565 868
-1070 -1033 1414
-58 -37 1922
1355 1380 238
-739 -709 1856
-828 -814 770
-735 -706 966
-1035 -1003 368
-837 -829 1233
-996 -992 582
-862 -828 1967
1311 1333 1669
617 624 43
601 626 1964
785 793 729
968 977 209
-526 -493 408
-862 -841 1773
483 507 718
-449 -432 1607
674 704 1970
633 670 669
636 668 579
-1988 -1957 90
-1305 -1291 901
-1477 -1445 1358
1087 1098 1499
477 486 1597
1034 1035 1327
-8 6 533
1999 2000 815
271 278 841
-1291 -1279 1173
-1574 -1544 327
251 283 623
1958 1988 1846
266 300 1309
1517 1550 1325
-414 -387 867
1441 1473 1270
-1777 -1747 722
701 727 194
-1824 -1819 391
-312 -300 636
-433 -409 121
-21 12 1753
-1715 -1713 646
-680 -662 551
-1335 -1309 1699
-1751 -1732 715
-1491 -1490 1472
261 268 156
-1118 -1080 730
-280 -266 775
-273 -250 1061
1775 1779 1147
-1752 -1713 1100
-624 -595 356
1587 1624 1012
394 407 1366
-1067 -1060 375
-365 -339 591
1989 2000 1092
954 988 1375
1676 1696 853
-1353 -1329 1845
788 811 247
-103 -81 779
1713 1722 1127
1695 1717 1189
1378 1406 398
1148 1174 345
-173 -156 304
224 257 920
-137 -125 4
-1059 -1036 374
-1052 -1013 1465
-842 -832 1271
912 943 746
-70 -60 388
1340 1358 1435
-1967 -1949 973
32 36 1684
253 267 1287
1912 1928 1940
1631 1649 1772
1614 1624 1590
1985 1989 1083
-87 -74 1230
-540 -522 56
-730 -726 361
208 237 1544
-1966 -1962 534
1544 1573 492
1427 1430 1732
-87 -86 227
708 739 517
255 292 607
-1610 -1602 860
-145 -136 543
-1170 -1161 686
-1562 -1557 1239
-245 -223 1898
1042 1061 1795
-1045 -1040 388
-1747 -1713 627
1523 1526 1067
1981 2000 115
-1564 -1530 1065
1388 1411 504
-1919 -1904 247
1644 1658 1167
-1368 -1362 1443
1635 1659 1545
786 819 1295
385 406 109
1265 1279 55
-991 -957 1787
353 357 1567
1147 1165 142
-1709 -1697 546
521 537 1594
806 822 105
1502 1520 213
457 491 876
358 367 678
1442 1463 1371
-186 -147 664
941 962 743
714 731 1833
1556 1589 826
-472 -457 715
-1816 -1804 1322
1733 1741 1109
-357 -329 1268
-427 -395 1639
-906 -885 343
-420 -388 1067
-28 4 1278
83 123 847
-336 -324 1596
683 717 1853
-1881 -1876 1424
1485 1493 195
-111 -105 1217
1339 1364 1515
1734 1743 1898
1748 1764 1550
-475 -444 170
1743 1748 288
1940 1964 1840
391 422 1919
317 350 517
-911 -889 1593
-1224 -1208 344
1365 1403 1248
-101 -86 1679
546 578 1087
-245 -212 1641
1135 1173 107
-898 -869 1107
719 740 884
747 776 906
463 484 963
-1847 -1808 1407
-1668 -1663 472
208 239 1069
1007 1039 1817
-1777 -1773 1432
628 645 1406
189 196 705
1280 1285 27
-1889 -1851 466
1656 1689 587
326 337 1088
-494 -463 1925
-1349 -1327 1823
483 484 892
515 525 224
1320 1358 1105
-103 -92 1178
-831 -793 1216
-990 -959 1206
-1602 -1593 1135
135 137 1955
-757 -738 971
1904 1933 1881
-1732 -1695 156
-55 -39 1878
517 536 1388
342 381 1319
-49 -31 1809
75 93 432
1551 1581 648
113 130 437
-1112 -1075 58
1861 1894 327
1904 1944 603
301 315 1441
1527 1536 1491
372 387 1947
524 526 1471
870 892 1744
1104 1125 1317
-802 -765 1985
584 602 1717
-1969 -1963 1015
-954 -918 1824
1155 1192 317
-45 -26 137
-1451 -1440 1820
1918 1929 1558
-235 -201 273
388 401 13
-1306 -1283 954
1979 1994 540
1300 1337 1217
1046 1086 76
297 336 1401
1438 1461 1871
1678 1705 1852
-25 -9 486
-1018 -993 537
1577 1590 1936
1529 1538 667
-966 -955 332
1278 1281 1519
-548 -544 730
739 743 1896
670 690 1892
-1572 -1559 842
481 504 1831
1114 1130 86
1289 1295 110
-280 -268 1052
-114 -85 447
781 788 1789
153 183 272
1862 1896 1639
-453 -420 1804
-1254 -1231 776
1398 1425 8
-1000 -966 888
-333 -300 197
1184 1216 1536
-974 -973 1764
-549 -547 1483
506 525 883
-1369 -1330 1784
149 183 214
1559 1564 693
-100 -99 437
44 74 1667
-1310 -1271 1211
919 953 975
-297 -266 62
58 88 1608
-1693 -1686 1950
-1991 -1981 1811
-695 -668 1624
443 467 1221
1071 1075 1981
-1183 -1167 868
-212 -192 583
-1474 -1450 315
-1648 -1609 705
-1233 -1232 1363
142 176 1357
529 544 1215
-77 -73 1248
-1098 -1062 972
-1438 -1418 789
541 543 1638
152 160 1315
527 535 1176
-1388 -1348 1255
1939 1941 1223
1927 1952 1148
-1553 -1522 211
-714 -713 1828
1102 1103 548
1310 1312 974
-1839 -1825 666
-132 -92 1655
40 58 612
-145 -118 283
337 354 792
-140 -103 573
1213 1214 722
363 401 1903
414 448 119
996 1035 339
-1900 -1889 503
115 123 605
-238 -227 1485
-1920 -1905 684
-1575 -1568 1770
440 469 1251
993 1029 1381
1117 1132 459
-554 -545 1201
-1841 -1828 1661
-611 -607 301
-1981 -1976 1510
1917 1921 818
121 157 408
417 448 1826
-840 -806 444
-1278 -1238 558
-1151 -1127 1629
1668 1688 444
365 373 1986
-1388 -1367 1472
-438 -426 1799
78 80 93
-812 -788 818
-1556 -1529 1334
287 325 529
328 331 599
428 434 1158
-1549 -1514 1182
-839 -827 1824
-1062 -1022 1287
-497 -477 1072
-1070 -1065 1684
-266 -237 929
1134 1135 444
-1555 -1547 408
-1503 -1475 962
1116 1135 901
0 27 817
-981 -963 956
1206 1228 1022
-1697 -1666 977
1459 1471 883
-1049 -1042 1311
355 373 1693
-1795 -1761 778
1400 1417 1094
1324 1325 630
789 814 1905
937 969 1951
-77 -75 75
-1453 -1448 1203
-1231 -1206 1422
-703 -690 1336
436 463 1947
947 981 770
-400 -386 1150
64 103 1648
1182 1187 1317
-1781 -1744 1051
509 536 1557
1709 1726 1067
-1459 -1446 1602
710 744 1205
-1568 -1531 1402
-1358 -1349 1444
336 348 448
1113 1149 439
-372 -358 1718
697 702 668
715 752 60
1811 1818 1281
421 423 1298
1727 1756 1311
-1303 -1290 585
523 545 1517
-405 -377 628
956 987 459
1524 1547 500
1191 1206 782
504 543 381
734 768 954
-1202 -1182 396
-777 -769 1347
-1042 -1029 185
790 823 1458
-872 -869 415
-909 -905 1775
1601 1641 449
1103 1129 1123
-73 -60 1625
503 520 1741
759 763 1426
-1153 -1124 727
-1645 -1634 1659
1718 1720 667
-1131 -1129 862
1651 1684 272
1605 1611 966
-751 -722 888
1556 1595 474
-1051 -1013 1050
236 248 1101
1033 1040 1889
-314 -297 1414
980 1018 1123
-1317 -1301 1806
-960 -927 221
1598 1602 90
-1033 -1029 1101
-383 -365 1576
1014 1045 1285
-635 -601 1893
901 915 1412
-1543 -1520 1888
-1092 -1090 1015
-1736 -1717 1234
353 358 943
1914 1933 124
-1441 -1440 1637
1794 1805 1263
1788 1816 755
-371 -331 391
463 479 15
-709 -682 466
-427 -398 1396
-818 -800 560
817 854 1294
-1257 -1256 1621
-16 13 653
1418 1423 1590
155 172 1966
-780 -741 71
-1723 -1691 69
1543 1582 576
1748 1752 307
1603 1627 325
693 711 998
-108 -75 1166
12 21 880
761 762 1276
398 432 1535
-1227 -1208 918
-250 -214 436
1127 1130 137
1394 1434 1466
158 164 1722
427 465 446
1610 1620 188
-1711 -1699 783
-785 -763 1573
1131 1168 23
1384 1423 771
-1425 -1396 1274
173 186 798
907 937 1123
-243 -228 1482
-770 -761 448
1345 1385 47
-462 -425 1983
533 541 897
532 572 1723
-1068 -1067 1228
1728 1730 1920
1535 1555 1068
-1815 -1799 1015
-1342 -1318 798
-210 -203 451
138 147 694
1184 1185 1493
-1137 -1115 86
-47 -40 325
931 936 1301
800 824 26
1724 1725 330
-839 -803 1116
-1506 -1505 708
-307 -273 1888
-541 -503 52
939 966 154
-1558 -1535 1695
359 399 1765
-1602 -1567 256
-151 -116 1487
225 240 116
614 649 926
320 347 240
-935 -931 1559
1807 1847 904
222 244 1608
-755 -723 1027
-1354 -1340 1954
523 532 1574
-1473 -1466 1110
669 698 1406
-69 -59 305
-1808 -1787 734
373 380 427
19 53 1976
1445 1482 792
474 511 1661
-1769 -1746 597
-1802 -1772 1512
870 881 701
-1617 -1590 1717
-1695 -1690 675
-1217 -1214 696
-222 -182 1037
868 898 469
-1390 -1383 1650
-785 -765 1452
-1305 -1287 1937
742 778 1795
-1171 -1162 1163
-1162 -1127 1997
-1166 -1134 276
1927 1941 337
-1226 -1204 1046
-1090 -1058 647
42 64 580
1270 1287 912
-583 -577 565
-1223 -1211 989
1928 1933 136
786 803 137
-1980 -1951 1630
873 887 557
-1157 -1149 714
343 347 13
884 892 604
1684 1708 1824
923 946 704
1055 1078 1693
242 276 636
-1252 -1224 392
-326 -292 1358
-1069 -1061 135
1457 1475 1430
-1834 -1822 362
-1969 -1960 1494
-841 -818 194
-71 -49 1518
-169 -151 971
-919 -909 1576
-1711 -1694 337
338 367 1954
-1375 -1372 1901
177 185 1951
507 528 235
-289 -284 803
-1969 -1934 1089
1200 1232 1971
1590 1624 970
-68 -49 466
-612 -589 1744
6 30 597
73 105 1192
-1754 -1750 534
1854 1869 1669
-1708 -1673 214
1500 1532 638
-980 -948 1729
-1601 -1595 1831
734 765 1383
102 126 1784
1597 1621 764
-944 -916 1093
1704 1714 1174
-1675 -1664 1783
-1457 -1423 1645
-1877 -1861 1923
-1514 -1482 866
360 371 1975
-901 -886 92
-741 -736 214
-314 -283 784
214 254 1954
-1904 -1888 784
474 496 476
-1411 -1401 1255
477 503 713
-1490 -1468 1967
1182 1206 294
1764 1771 626
1261 1276 352
-1258 -1222 1686
1556 1583 1842
1025 1060 1859
196 213 682
1329 1341 675
-433 -431 118
-892 -874 1431
-823 -793 1982
1825 1856 624
50 70 484
1178 1218 693
53 68 1333
1062 1077 217
-383 -359 490
-178 -143 1398
-1025 -1024 1133
-1113 -1097 311
785 786 548
-1618 -1578 366
-1883 -1882 1812
258 277 1607
1711 1750 956
-1439 -1429 158
797 826 1192
-625 -617 1830
1826 1864 1070
-930 -921 1378
1598 1631 1086
-874 -863 1362
396 425 1213
-1503 -1475 908
510 539 1371
-1923 -1886 376
1905 1945 1686
-887 -870 450
749 776 185
1885 1910 1013
-738 -733 1369
-670 -636 887
1447 1470 823
1329 1342 1063
-628 -616 1688
295 322 1918
-1863 -1827 1763
1313 1330 77
-706 -705 1901
-791 -778 1582
-485 -446 590
-132 -119 777
-63 -31 1368
1893 1896 1076
-1512 -1509 1753
-1239 -1220 1721
822 830 964
1582 1605 1344
-1084 -1058 1186
-1225 -1224 1011
-341 -314 229
-442 -430 697
-306 -294 683
169 195 706
-635 -603 1415
-172 -149 1474
620 625 596
-255 -239 1996
744 756 669
639 671 1452
833 858 868
1944 1975 971
1619 1646 152
-710 -680 1805
963 983 859
758 789 598
-629 -609 1217
-357 -325 262
-949 -922 994
644 682 1587
-232 -215 241
990 1002 731
1842 1865 843
-545 -509 1492
-1862 -1854 163
-852 -820 569
23 48 1192
-287 -247 1161
1178 1185 841
619 656 855
1794 1809 1662
-278 -271 173
-895 -864 861
1607 1615 266
325 348 1598
452 490 130
-1544 -1526 952
-1873 -1842 291
60 67 1110
243 283 34
-1261 -1246 1480
1425 1462 1460
-1827 -1789 449
842 850 262
1652 1681 655
-1512 -1508 223
1480 1492 327
1017 1046 1396
-1344 -1331 563
-81 -45 1905
1155 1161 1393
-595 -584 1477
-1049 -1024 482
-950 -943 1373
-1448 -1419 341
487 493 1805
1621 1653 1092
-624 -610 198
1809 1835 759
-1428 -1418 430
706 720 1247
788 807 1690
-412 -391 557
1789 1826 61
-1304 -1291 337
-940 -934 1054
578 592 1240
-1759 -1757 857
1425 1453 292
-58 -52 1552
-346 -319 167
-1661 -1654 725
-774 -773 341
-325 -324 763
1706 1722 185
-758 -724 443
1007 1036 1112
-266 -248 144
-85 -70 1392
917 927 1670
211 213 1777
1003 1040 1991
1937 1949 1575
-1591 -1562 749
935 955 355
711 740 1622
-928 -925 933
268 283 455
-433 -406 1063
692 724 708
-293 -280 1089
1215 1230 650
1691 1720 206
1540 1552 1538
-1287 -1275 1836
-758 -721 359
-398 -358 923
-544 -509 1466
575 592 375
-481 -479 1516
610 627 1151
952 956 1600
-133 -120 1864
1030 1056 704
-1627 -1617 800
895 930 218
1661 1665 433
515 526 1560
16 53 1023
-674 -672 1543
1853 1858 1457
1483 1509 993
-221 -188 1729
-1516 -1513 6
1478 1503 1045
1186 1213 1946
293 294 1439
-1786 -1772 1155
-565 -535 1782
49 87 964
-882 -849 54
72 81 1285
-1649 -1627 435
520 543 430
1342 1370 1341
-1279 -1249 1013
982 1012 1418
-1175 -1136 1201
-1289 -1249 1108
-82 -43 1624
-137 -118 1503
862 879 1667
208 238 1626
-1328 -1317 1993
1817 1822 1004
1034 1060 306
314 327 524
911 939 130
1338 1362 1941
156 175 1130
-803 -776 1247
-370 -350 1901
1189 1202 1986
-148 -116 1753
-40 -24 844
-1295 -1293 1250
-280 -269 1275
-685 -679 1072
1099 1121 1216
1848 1862 993
429 447 1731
1612 1614 1532
248 280 1187
1582 1594 1252
1250 1290 1028
744 760 1705
-30 -6 1228
-926 -898 1275
931 942 816
842 864 301
-1719 -1708 1724
-734 -699 570
-1344 -1322 518
1524 1542 841
271 287 222
1881 1889 714
-988 -963 933
1834 1852 1699
1500 1516 1752
27 55 1322
-1911 -1877 919
1538 1550 1063
-1220 -1190 45
-1429 -1428 981
1648 1660 1124
725 747 1337
1115 1133 666
-210 -201 311
-300 -290 1649
-1534 -1495 435
318 341 1156
1916 1944 876
1791 1795 223
1081 1100 447
1107 1117 62
-762 -746 1034
1242 1245 901
657 659 1629
-103 -81 766
-1022 -998 96
1794 1809 942
618 648 699
-314 -294 980
-1146 -1109 1395
421 456 1207
-1658 -1654 1618
354 381 1750
1277 1304 259
401 428 1147
-1599 -1564 1472
1532 1564 1614
-536 -528 1779
-1930 -1902 1442
-469 -455 1761
-542 -517 1964
-1106 -1085 889
76 109 421
-1558 -1526 565
-275 -263 14
-1360 -1356 1239
-307 -268 1558
184 214 1636
-1914 -1899 797
-936 -927 1679
769 792 375
-1689 -1677 434
-559 -523 1225
-49 -32 812
-164 -163 1154
-950 -935 881
-1999 -1959 29
293 313 1280
-1541 -1520 1021
-1711 -1672 1142
-700 -677 488
1160 1163 1567
-1091 -1051 690
153 193 265
-600 -597 570
-1643 -1642 383
-1769 -1734 372
1688 1692 1911
28 34 502
1066 1106 652
494 505 1436
1044 1081 1700
-1802 -1764 579
1639 1657 1594
-334 -321 1514
-449 -421 1746
1051 1077 163
1974 1988 376
-1369 -1331 247
281 315 1145
-358 -357 982
-615 -613 1197
1138 1149 1998
-1367 -1332 1956
1558 1588 95
-675 -637 631
1578 1603 1455
117 124 1032
-266 -226 170
-1198 -1175 181
-1999 -1988 1211
620 649 1035
512 550 963
-1087 -1050 1121
-1274 -1271 973
-1397 -1358 1744
1262 1275 1181
-208 -169 1509
979 1018 396
-1096 -1093 872
174 207 164
-1289 -1250 1525
1206 1239 214
1035 1061 340
1592 1626 1512
-1811 -1790 540
-83 -79 1684
832 871 1520
-507 -470 1428
-1750 -1727 1282
-1202 -1201 1951
-1595 -1566 106
1477 1497 301
-674 -641 1201
-698 -677 955
-1114 -1103 1430
372 410 1069
742 776 1721
-1964 -1927 1114
-1410 -1374 1656
-1830 -1810 935
1700 1740 1437
-1811 -1806 1663
-1750 -1746 1873
-617 -597 31
-112 -85 1345
-1644 -1638 566
-1859 -1837 682
-1650 -1649 1868
1407 1430 101
155 193 1301
598 634 329
310 317 183
633 670 536
1855 1864 1893
-1934 -1904 1479
-1966 -1942 1905
1093 1111 1047
55 75 1676
1546 1566 888
803 806 567
880 884 50
1216 1238 511
1272 1281 1236
1016 1018 792
1176 1185 1562
-698 -690 477
-493 -476 790
1917 1941 79
381 401 21
426 462 1715
782 817 282
136 171 703
-403 -399 577
201 211 946
1655 1692 403
-1527 -1488 1055
-1594 -1561 920
30 41 712
-54 -42 1585
159 171 879
-1741 -1721 841
-749 -736 815
-930 -907 462
-1382 -1349 795
1393 1421 1218
1512 1546 1009
1107 1132 1720
310 341 1624
913 922 1384
517 521 1742
-955 -921 287
-87 -62 1965
342 360 1684
-301 -292 615
1504 1535 1617
-1035 -1000 1411
199 210 939
-556 -527 234
1085 1124 1225
411 439 1276
716 720 62
557 559 1517
936 939 1282
-296 -276 1319
-549 -541 530
-1470 -1461 840
1431 1436 54
1425 1431 813
-495 -476 289
-407 -394 1648
-1082 -1057 1056
1027 1029 1009
-1913 -1891 1297
-879 -855 101
362 363 773
87 107 671
568 580 1219
174 190 960
-1201 -1166 993
1431 1434 1913
-1889 -1867 416
356 362 1558
-1755 -1753 1032
-618 -610 284
351 380 1390
-668 -648 257
-1006 -977 1850
-1442 -1438 1252
-1764 -1751 717
149 184 501
1301 1331 1518
987 1019 291
-1989 -1949 71
-860 -835 1893
618 640 1037
-636 -600 1717
1621 1642 962
-47 -44 210
-491 -472 244
-74 -59 988
-369 -335 1715
824 834 1723
1470 1503 1077
1257 1270 1025
271 297 64
968 999 548
399 407 1059
-985 -971 48
-1355 -1334 1451
537 562 835
356 383 511
-330 -312 1313
-587 -565 635
1496 1523 324
1563 1602 1097
-1173 -1162 22
537 569 1873
-1074 -1059 1909
209 243 357
864 902 906
10 11 298
-1896 -1877 1138
965 981 1061
-527 -503 1679
786 800 214
1189 1195 981
149 166 451
1462 1473 206
-1182 -1159 1801
-1066 -1059 382
1270 1282 79
-255 -222 1527
787 791 344
-642 -612 1225
-622 -615 1663
1077 1114 1982
-1409 -1382 55
-1804 -1784 1395
-4 10 230
-125 -113 1945
-683 -671 1882
-1949 -1943 23
-1560 -1530 1351
-1708 -1678 622
-1570 -1539 138
-123 -90 629
1316 1342 74
-1994 -1985 253
-1539 -1523 535
1402 1442 487
-1125 -1102 302
1953 1963 679
-1090 -1078 1863
1013 1026 1934
1915 1944 1026
1913 1924 1551
50 66 873
-1860 -1827 764
-1677 -1666 1431
444 450 664
-660 -641 1192
-1159 -1136 620
784 812 349
-1813 -1775 1795
-983 -974 110
-333 -314 1163
-1570 -1537 1945
-895 -877 700
1225 1249 333
1309 1334 339
1162 1178 1144
1761 1770 808
-1493 -1462 1180
-1663 -1625 660
1521 1531 1609
-1791 -1785 570
-973 -969 944
1349 1365 1864
721 722 717
1842 1879 1957
-1574 -1552 76
872 902 459
-1530 -1524 1897
1153 1168 1637
-1072 -1033 200
-1929 -1915 1695
1504 1534 921
345 351 882
1699 1722 878
1853 1874 740
-662 -631 1431
1027 1037 1797
-1519 -1499 212
-1793 -1754 182
149 186 612
332 349 1262
733 756 809
-1317 -1288 1508
-362 -337 21
-1522 -1519 1615
218 247 322
1645 1683 1108
1483 1511 114
789 792 1069
1186 1206 1680
-1214 -1200 1441
341 351 269
-1611 -1594 1529
1915 1954 713
121 130 176
-1090 -1083 1194
1768 1775 1659
292 293 358
-349 -324 280
-6 -5 978
1574 1610 971
1244 1272 474
-1826 -1797 532
584 609 43
-25 8 1840
1512 1523 1696
115 136 733
-1043 -1024 736
-790 -756 793
1487 1492 1989
1023 1037 1865
-577 -541 281
1373 1393 747
-1559 -1556 1067
-851 -829 670
-665 -636 129
957 962 1718
290 324 1869
1873 1893 118
-388 -358 1083
-5 26 1733
1342 1346 1947
461 483 1623
-1338 -1331 706
728 739 1740
-532 -515 1847
825 834 1018
426 449 799
-560 -541 1309
1740 1762 975
1954 1970 1765
1913 1948 14
-1707 -1684 1195
59 69 1853
1267 1299 493
1304 1307 1976
1471 1476 1361
-820 -785 1110
1524 1534 922
103 128 1571
-1543 -1541 1942
1641 1652 1465
1925 1959 1835
1909 1939 931
1711 1734 693
1483 1492 1723
1267 1300 231
120 153 1157
309 342 134
1433 1442 1103
-660 -656 8
1298 1332 1034
469 474 586
-683 -656 813
1408 1423 962
-917 -908 1150
769 808 116
139 178 1498
-882 -868 1039
-1314 -1290 1229
-1391 -1378 446
1826 1838 1245
1472 1495 478
485 499 1747
1306 1312 1439
-1120 -1093 1290
271 296 1253
-740 -732 478
-121 -107 1738
-725 -718 228
265 288 1263
440 454 1175
1759 1764 110
-976 -973 361
-1969 -1945 1305
-430 -410 526
1121 1143 350
-866 -849 1472
206 209 386
45 80 1664
-1918 -1898 1502
-295 -286 1706
883 898 1521
-812 -800 611
1184 1224 357
-375 -335 1875
-280 -263 134
238 257 523
228 233 943
-620 -590 571
-1040 -1019 469
1369 1404 1683
-284 -267 1930
600 631 1655
1901 1903 1517
442 446 1315
70 99 103
-1045 -1005 1665
-1771 -1762 1339
1946 1955 1916
-1681 -1677 232
1580 1602 1755
-1994 -1993 1256
-834 -830 79
-1299 -1283 668
879 890 869
525 528 634
1716 1751 242
1133 1166 1346
-1146 -1138 311
1840 1876 1922
298 315 1462
1952 1969 952
994 1029 286
-794 -785 1733
1625 1632 166
905 934 938
-1782 -1756 287
-201 -163 1802
-309 -288 1335
426 454 1997
1768 1798 1583
1960 1982 83
1373 1405 1984
-1738 -1735 100
1282 1318 275
910 938 1572
-75 -39 989
371 375 1564
-1699 -1673 1170
1796 1802 1656
969 972 439
39 76 682
-260 -224 254
-276 -250 1844
-1375 -1347 557
423 451 25
-1957 -1951 53
-278 -277 346
821 850 186
79 105 1574
-331 -306 1770
-1490 -1474 1039
1814 1833 103
976 981 1360
-494 -470 210
1214 1245 445
-1113 -1101 962
-932 -919 665
-45 -25 562
1203 1218 1810
-1766 -1753 1461
-654 -638 1061
-488 -456 198
-1329 -1312 337
-912 -901 1279
-152 -138 1583
1955 1970 668
179 218 323
1228 1246 618
1871 1877 1597
1970 2000 235
-1824 -1792 1554
-271 -241 717
860 890 1197
1894 1930 834
-296 -263 873
269 277 1268
1294 1305 890
-1646 -1616 6
-1711 -1700 1648
-227 -217 1115
1359 1363 1259
621 660 833
548 564 1614
-232 -227 851
312 313 1619
1031 1056 1530
-478 -464 830
869 877 156
-1132 -1099 1623
-1243 -1239 1219
-1310 -1299 1094
-1507 -1492 1258
561 589 1218
1618 1621 1349
-270 -241 421
1206 1211 1598
1795 1810 560
33 70 247
-104 -64 1009
-1542 -1538 1935
729 761 1768
294 295 1086
536 569 1874
1282 1311 668
183 185 1887
997 1024 830
-1941 -1928 1291
-394 -393 985
-743 -712 1085
-1548 -1533 119
214 252 1245
361 398 543
640 660 1098
178 204 224
-604 -583 1897
329 369 1436
1027 1044 1818
166 206 412
1304 1344 1078
1580 1617 1283
-610 -605 835
304 339 1874
-1922 -1917 943
659 669 1341
-401 -372 1655
1361 1387 1198
1510 1517 542
919 933 1184
-1927 -1895 1453
-76 -75 909
-1019 -1010 998
97 123 111
220 259 1314
-260 -227 127
1795 1832 294
-186 -182 149
-284 -251 1631
-555 -552 1149
1762 1779 1329
-152 -115 326
719 744 124
-421 -393 769
-1491 -1488 1483
-658 -648 1547
-1589 -1561 1668
1541 1570 592
-927 -912 1537
-707 -668 278
691 707 819
251 275 476
-1435 -1427 233
843 863 1474
-1105 -1099 1904
252 289 777
-1217 -1182 1870
-1633 -1596 1308
-960 -942 251
1792 1802 332
1741 1746 1319
-1665 -1630 756
634 663 967
-371 -343 1981
336 341 828
1971 2000 1325
739 743 102
-1864 -1862 1883
-1979 -1964 651
-1143 -1116 781
-422 -383 864
-1741 -1720 1405
-922 -920 1789
-1696 -1693 1345
1650 1665 1930
-590 -562 716
1134 1141 1098
-1534 -1511 1354
1086 1093 847
1500 1529 521
-755 -745 1806
1833 1845 322
-1348 -1346 1389
878 902 1345
1531 1565 1954
106 144 613
-181 -141 1576
