2000 2000
1570 1602 923
774 809 191
880 918 322
-1942 -1904 1057
-435 -397 1014
-1312 -1282 1754
-1772 -1735 582
-1721 -1683 62
1886 1921 1113
648 685 778
1115 1152 1386
1930 1960 1113
-1605 -1566 1245
955 990 640
-1379 -1348 386
-352 -316 1023
608 642 448
1082 1112 1220
-1745 -1706 812
1468 1503 1727
-783 -746 115
-189 -152 383
-1492 -1453 198
-878 -844 1594
-1106 -1066 1468
702 739 1397
-1855 -1817 1526
1082 1116 500
-1084 -1051 1541
744 777 1658
-855 -824 469
-47 -8 257
-27 11 1098
1744 1779 662
1775 1811 557
-60 -22 1910
169 201 832
-1015 -984 38
797 828 32
1213 1245 228
793 827 1827
579 614 1986
-456 -424 865
113 147 323
-440 -400 1335
617 648 1112
1800 1831 1446
-581 -541 1892
1625 1664 866
-1967 -1929 1460
-829 -789 1951
1166 1199 1829
797 834 148
437 467 50
1126 1158 1482
1509 1540 488
-902 -871 1617
1183 1219 1426
526 563 360
-1504 -1470 1954
-1502 -1468 1971
-751 -716 1933
-1107 -1067 1723
440 475 982
480 520 1949
-1475 -1441 1939
340 377 104
-1135 -1102 1222
913 951 1058
-1052 -1016 1566
-1766 -1726 452
-70 -30 1070
-256 -226 1389
-400 -361 601
316 356 1023
-971 -934 475
-950 -916 647
1348 1383 1366
1627 1660 997
-732 -692 1300
1664 1695 1457
1408 1448 1006
1825 1856 1910
664 698 774
-1920 -1885 41
1056 1092 1502
-258 -228 734
-1494 -1461 1049
-1058 -1023 590
191 222 897
-1995 -1960 1093
-181 -143 1732
5 35 551
-1422 -1385 467
-1854 -1816 1667
-530 -491 401
-1717 -1677 67
275 312 1854
-1868 -1831 611
271 303 1396
571 609 409
-883 -843 495
-906 -869 107
693 729 1296
-219 -182 951
855 887 1073
1849 1881 1620
-1656 -1616 20
1634 1672 347
253 288 628
-353 -322 1613
-1466 -1433 1583
1466 1496 120
-984 -954 55
223 261 617
423 462 60
1637 1670 1625
29 61 1908
-1176 -1140 601
1344 1384 1206
1431 1468 1223
74 107 1703
-966 -932 1096
-1318 -1282 1712
1396 1430 533
-924 -890 450
924 959 1611
-1360 -1322 398
-1595 -1557 1766
-1847 -1817 1595
-1016 -984 1314
1528 1566 382
1486 1523 474
-208 -172 328
279 315 1038
-716 -682 1271
1794 1825 474
-1269 -1237 841
1995 2000 1847
216 248 755
486 516 1853
289 324 889
1385 1419 780
1937 1967 897
1513 1550 501
524 561 1273
-1986 -1950 489
1848 1886 790
814 849 1561
-1212 -1172 1451
-1592 -1561 423
1715 1754 690
-1848 -1814 1364
-365 -334 566
63 97 680
1541 1573 730
-1404 -1369 693
113 148 113
-291 -252 1410
866 903 532
-346 -316 1823
-986 -955 765
1365 1405 18
822 856 1300
1797 1837 475
-1830 -1800 152
42 73 617
-1977 -1942 1444
-1549 -1516 1143
-1534 -1497 426
-1094 -1063 1531
-1110 -1072 411
-138 -104 1735
-1604 -1573 752
647 684 1389
1928 1962 1781
558 596 1997
1971 2000 606
159 196 1215
-948 -909 1622
224 263 1966
-1679 -1646 1606
1979 2000 902
-1170 -1137 1130
1248 1288 1071
1255 1291 24
1855 1890 1292
233 271 973
-670 -636 203
-295 -256 778
-200 -166 1378
-801 -766 883
-420 -389 1198
1763 1794 816
-58 -27 227
1988 2000 1302
1035 1067 312
842 876 177
1578 1611 399
-1373 -1337 151
-334 -295 675
-1526 -1494 335
-1916 -1885 1669
-1790 -1752 534
-1152 -1118 732
1982 2000 1401
502 536 1535
74 106 1367
1778 1817 441
-406 -370 1741
-260 -221 719
1572 1602 1711
-1615 -1579 297
-1899 -1866 1960
-908 -878 1240
1092 1128 850
-681 -644 1068
-1403 -1365 1140
-786 -749 1719
345 381 1551
1259 1289 224
1639 1669 555
-1843 -1804 36
-551 -514 1794
-1366 -1334 1048
-1032 -994 1587
-670 -632 820
-1873 -1837 1407
-357 -319 1827
1181 1219 633
-328 -293 627
1962 1993 877
-1572 -1542 1862
1544 1575 759
-837 -801 423
939 974 654
-1387 -1355 224
-1508 -1477 538
1715 1749 446
-1406 -1368 779
-1286 -1251 1547
-489 -450 1049
-682 -652 566
-646 -606 664
-1382 -1343 731
272 305 1218
48 86 808
-1877 -1847 442
554 590 1001
-480 -442 984
-421 -383 866
-909 -878 300
-501 -468 863
-1363 -1323 1005
1596 1632 946
1641 1680 1350
177 213 1932
1038 1072 370
-852 -816 1962
-71 -35 476
625 659 1323
1667 1701 244
619 654 884
1940 1977 457
-916 -876 728
-683 -653 1333
-1945 -1914 441
18 50 940
-535 -503 1055
147 185 864
1082 1115 1542
-1177 -1144 1346
1132 1163 857
29 60 1541
1363 1395 1885
863 897 1704
-1448 -1417 974
-1311 -1271 960
-281 -249 389
1032 1067 28
778 818 570
-625 -588 118
-924 -886 908
805 845 1818
1318 1353 1185
1050 1089 100
7 41 1312
1950 1984 1318
-1204 -1166 1021
-481 -446 1401
433 466 820
-183 -150 922
-1478 -1444 839
-946 -914 1749
882 916 1809
731 762 917
329 364 1565
-209 -176 456
-213 -180 1347
-505 -472 1355
-792 -756 1738
-1407 -1372 739
-365 -326 1682
1382 1417 704
1632 1668 817
968 999 1624
1374 1406 1154
1185 1221 618
604 635 649
398 430 837
-133 -95 57
-1205 -1167 1725
-185 -150 620
1097 1132 271
-1283 -1252 977
1244 1280 543
-732 -699 1964
-14 17 1607
1584 1617 5
-418 -385 1008
-1269 -1234 472
-159 -121 1681
412 451 521
1973 2000 370
688 721 1930
663 697 270
-1533 -1497 1585
115 154 1807
-656 -619 823
326 363 1574
1321 1354 890
1948 1987 1272
1094 1124 1222
-1151 -1118 1433
-798 -762 293
-714 -677 1390
199 235 1981
1999 2000 134
1168 1207 1528
-1656 -1619 1260
50 81 1258
-1423 -1388 998
-1010 -973 386
383 413 1145
-236 -205 1069
1732 1764 314
-1276 -1241 45
738 778 128
-1571 -1532 1068
-1338 -1298 1941
1089 1119 1166
-590 -556 1096
1109 1144 1257
-135 -99 667
757 793 663
-1292 -1262 779
-379 -349 344
6 45 1615
1311 1347 7
-1833 -1802 1736
990 1023 99
-359 -328 1136
224 254 912
-777 -738 583
690 723 337
273 313 1814
751 787 1692
1885 1915 1091
-1564 -1533 1218
-1267 -1237 1074
1141 1180 138
-1969 -1931 1017
1302 1340 1211
-664 -631 1137
-415 -375 1298
-535 -504 1809
1757 1791 105
1053 1091 648
-326 -289 126
-904 -872 1995
-1392 -1353 161
803 834 1527
185 222 38
-1017 -982 240
-1946 -1909 1515
98 133 1596
488 523 1543
-1797 -1764 1144
-1871 -1839 923
-1575 -1535 603
186 217 962
1756 1786 480
-1543 -1508 1842
-1517 -1483 70
-891 -852 1665
-1667 -1632 907
1895 1930 1515
648 686 850
-743 -710 1306
1512 1548 877
525 561 1578
-647 -610 1541
344 375 1477
1522 1561 714
391 424 308
819 855 461
-1793 -1757 100
1795 1828 1042
176 214 581
871 906 738
757 793 864
425 460 1827
-181 -146 654
1523 1559 1752
-195 -158 127
1397 1436 661
-1070 -1039 725
-1770 -1736 1229
-177 -138 1318
-1329 -1292 685
689 721 949
-1907 -1871 957
-269 -238 1411
955 988 325
-1113 -1076 1523
198 233 1518
1005 1043 631
451 486 1536
242 273 1301
1584 1615 806
-50 -14 1538
-1470 -1440 1248
807 837 688
74 106 1555
-296 -258 1925
82 117 86
1427 1457 481
-1159 -1128 1533
1881 1920 1918
-1571 -1537 89
-1553 -1516 1573
221 256 1239
-984 -947 264
-1291 -1254 236
798 837 1133
772 803 1099
-1777 -1737 1307
1152 1192 1575
-1956 -1920 483
-242 -210 1821
-367 -337 121
18 48 1924
-102 -68 333
918 950 305
-661 -623 1834
-697 -660 944
-1716 -1681 532
327 360 803
468 506 514
1419 1451 1527
-903 -865 550
-14 23 1091
1631 1664 160
-1065 -1033 955
-229 -197 673
-1071 -1032 125
42 72 110
857 895 1924
-1813 -1777 418
1284 1316 398
119 152 722
1995 2000 1760
-589 -553 1467
-1990 -1959 817
-412 -382 505
1934 1972 1456
1528 1563 875
1768 1804 1591
-111 -75 1025
-1085 -1047 684
-659 -625 1736
353 393 1217
-278 -247 1467
-1694 -1663 326
1426 1464 1449
1020 1057 1468
-1497 -1467 1375
-1090 -1053 1465
-1869 -1837 1264
1057 1095 1645
467 503 1907
1451 1490 697
-102 -66 935
-971 -938 311
1817 1850 1713
-1903 -1867 1400
-338 -301 412
-989 -952 354
757 797 1153
886 926 1290
-1520 -1484 455
-526 -494 1614
1045 1081 678
-1086 -1046 1405
-1577 -1539 763
-1932 -1901 932
-1181 -1148 308
1337 1375 753
285 322 199
1416 1449 1965
-291 -255 83
1778 1818 612
-944 -908 373
-167 -134 1366
-1428 -1398 956
-31 0 1762
1742 1777 1606
1309 1346 1119
-1603 -1568 401
-1595 -1559 325
-1345 -1311 1121
1615 1650 172
-335 -305 10
266 302 996
-1569 -1530 373
-1145 -1108 1848
-1338 -1307 1363
-1411 -1380 1456
-547 -508 1403
1415 1455 56
662 700 1646
-1486 -1450 1608
1402 1432 979
-1221 -1190 214
1269 1302 4
1845 1878 857
-503 -468 1411
-204 -169 1383
-1429 -1389 611
1645 1682 1053
765 803 452
518 551 1766
1613 1645 1908
-86 -56 250
-1051 -1013 1191
1302 1332 698
-1947 -1910 1251
402 432 405
-996 -960 90
-271 -233 557
219 250 197
1017 1047 1270
-886 -847 1365
-647 -611 1425
139 176 119
611 641 1813
-1029 -993 1468
-410 -373 1034
-35 5 1383
477 510 27
-1726 -1691 211
69 105 1876
-911 -876 716
1412 1451 859
-1445 -1407 1233
-1574 -1541 897
1549 1580 926
758 795 1486
1572 1611 1759
147 178 1022
221 258 1848
1236 1275 535
-216 -186 823
-1429 -1390 1792
-1411 -1374 103
-1842 -1807 42
-1469 -1429 1366
-414 -375 283
-1886 -1846 568
-1801 -1771 1843
-1385 -1351 68
-131 -91 1998
-106 -68 1152
1897 1934 546
313 347 879
82 122 1496
1714 1745 188
1110 1144 1342
-680 -642 1190
1133 1163 860
-1512 -1479 1297
1194 1234 240
1021 1056 559
-1386 -1356 1868
1177 1207 1609
-611 -575 1591
-883 -847 797
-1074 -1038 908
580 618 1692
-609 -569 816
-848 -810 1540
427 464 1047
-1481 -1443 574
-600 -560 280
91 121 758
1245 1277 177
1935 1974 1339
872 904 996
99 138 674
898 935 1362
-1033 -1002 1905
-1609 -1569 500
-1434 -1397 54
-661 -628 1078
-1287 -1257 1156
576 609 405
326 365 148
1326 1358 1493
64 103 933
603 642 1837
-1000 -960 1388
-1020 -983 474
-897 -860 546
-84 -49 201
1085 1123 220
538 578 1294
882 917 780
-1685 -1650 458
1203 1242 364
1556 1596 226
-1844 -1810 1297
237 271 373
1859 1898 686
1470 1501 186
425 459 1295
-1314 -1277 899
1051 1085 633
239 278 1873
-579 -548 1499
-825 -793 1853
-1422 -1384 400
-1185 -1148 806
-257 -223 948
-1680 -1646 418
678 712 744
-721 -683 1848
-1339 -1303 1043
1062 1102 933
974 1010 1179
1486 1525 1217
725 762 1711
226 257 2
1301 1338 353
922 962 1862
1154 1193 1844
-1991 -1955 1910
-1944 -1905 1659
1061 1101 521
1947 1987 1063
35 67 1519
-189 -150 1211
-1766 -1729 1810
-644 -614 1615
-229 -194 703
-1728 -1692 1565
888 927 765
-1619 -1581 778
180 212 1935
-787 -757 724
1557 1591 1167
-883 -852 1281
-1828 -1790 1436
1184 1219 1703
-1627 -1597 210
926 960 1715
-102 -65 1243
-889 -851 298
873 908 1190
-328 -298 649
402 439 384
1960 1999 1135
-1816 -1782 1737
-1538 -1499 1884
552 591 1908
-1757 -1727 1556
-1112 -1073 1553
-1453 -1423 679
-945 -906 1938
931 964 72
1081 1116 1067
-1244 -1211 1721
-1654 -1619 551
1721 1759 1718
1922 1954 1544
1050 1086 161
-914 -881 456
666 704 1575
658 692 303
-858 -818 1583
-87 -57 627
439 473 1959
-1324 -1291 1816
-1934 -1904 827
-1949 -1910 1835
-1148 -1116 754
-265 -231 887
1976 2000 518
1757 1796 911
-1438 -1406 258
-1 32 184
-976 -944 1629
-802 -765 1807
1481 1518 854
702 739 1195
-1292 -1258 36
-1660 -1629 814
1071 1101 1776
1529 1559 1305
398 438 1246
-171 -136 1273
752 782 838
-1384 -1354 356
-1157 -1117 1653
-1945 -1910 1252
-1026 -994 1775
1844 1879 356
-1166 -1128 1505
654 685 1880
-674 -637 1511
-1612 -1576 1850
-537 -506 1449
-1142 -1108 379
-336 -300 429
-1762 -1730 761
346 381 1632
-1398 -1361 1147
94 128 794
-1115 -1077 304
1791 1824 1669
1120 1157 1969
1007 1044 1977
-56 -20 1970
1788 1819 1967
1584 1624 219
-1909 -1877 1827
483 518 1794
1496 1533 1332
-475 -438 1210
1817 1853 1949
1856 1889 997
1277 1311 243
311 343 341
1231 1264 66
-1544 -1509 574
-1347 -1309 1273
-223 -183 1719
302 335 690
1573 1611 84
-1393 -1359 1909
1103 1142 598
-989 -955 109
-1613 -1578 1418
1392 1431 1248
-487 -455 1882
-1707 -1672 1629
1825 1858 1733
-246 -214 356
422 453 1256
320 359 1838
1041 1079 562
469 500 1121
-961 -926 861
1049 1088 1055
1478 1509 987
454 489 1500
-33 4 1136
-1581 -1545 1811
-1868 -1834 618
-1744 -1714 705
-1233 -1193 1248
1687 1718 699
-1682 -1651 1378
1875 1912 1967
-97 -66 1283
894 925 810
1161 1198 990
-4 32 568
328 360 1631
-1218 -1186 1207
159 189 1033
90 127 1145
1419 1458 1354
-866 -835 749
411 448 278
-2000 -1964 596
18 52 1120
-1274 -1234 222
-1713 -1676 20
437 476 486
-416 -384 735
815 854 1562
-596 -557 526
752 789 84
902 932 670
1078 1113 368
1072 1108 1275
299 333 1085
-912 -881 1624
-109 -69 1632
-1746 -1713 756
90 126 1454
-2000 -1960 1016
1516 1547 205
-1564 -1530 917
-1856 -1826 1065
652 686 583
570 604 703
1131 1167 1509
1943 1975 97
-743 -706 1442
472 507 491
-668 -636 1782
681 711 1974
-249 -214 1367
-624 -590 1607
-754 -717 755
688 721 976
825 857 1099
-1462 -1429 1603
863 903 1931
1576 1608 832
1782 1813 864
1449 1481 618
-1237 -1206 1554
216 252 497
529 561 1154
-492 -461 566
-1284 -1248 1123
1790 1824 1127
-461 -423 1927
1126 1157 1464
650 687 1641
1515 1551 1218
1827 1865 665
-966 -930 101
934 966 378
-1935 -1897 1866
307 339 1938
-1239 -1209 36
1183 1220 1384
-826 -793 885
-1053 -1013 737
392 423 1365
-1173 -1139 623
-676 -645 745
-472 -439 1117
-24 6 1037
633 668 124
-442 -410 1685
618 652 1964
40 79 298
1722 1761 1836
-1811 -1775 1544
-905 -872 822
-163 -133 242
-80 -41 407
710 745 756
-1980 -1945 1379
-520 -481 1310
143 179 980
-770 -734 1336
841 878 1200
-1818 -1780 1477
687 720 1766
-622 -588 1897
-1798 -1767 1678
1928 1965 1567
-1366 -1334 268
-195 -157 1684
553 587 197
-804 -770 253
415 455 513
480 518 405
-1637 -1599 1454
-1323 -1290 520
-1049 -1013 1187
-1733 -1703 670
82 118 367
-1658 -1619 1671
1814 1844 1526
1134 1170 1638
536 572 623
1017 1052 1157
140 177 693
609 645 249
-283 -251 661
-1084 -1046 1691
-514 -474 121
919 958 782
1289 1329 558
-370 -331 1590
619 653 1428
244 275 1493
1307 1338 358
-1060 -1021 1046
1755 1787 1181
1964 2000 873
269 304 1875
1768 1802 93
613 650 133
-302 -267 885
1704 1737 992
-1578 -1539 1201
242 274 1404
-188 -155 855
-1524 -1487 634
1322 1359 1536
-1018 -982 1971
-619 -581 893
1490 1520 1320
-1428 -1390 1749
1909 1949 1460
-1157 -1119 432
-769 -731 350
-3 32 1852
994 1024 1028
-345 -305 763
-1978 -1947 1575
1929 1963 1952
372 406 1523
-1280 -1243 1435
-548 -508 960
-370 -340 84
233 267 1045
-1537 -1505 1944
-424 -384 330
-1159 -1125 180
-1531 -1499 945
-855 -823 1996
703 734 502
-1175 -1136 1234
204 243 606
-645 -609 1269
-1786 -1755 1337
1057 1089 330
-1598 -1566 165
968 998 536
-461 -431 991
814 848 1464
-961 -930 61
400 440 954
212 247 1469
-1853 -1819 1082
1485 1515 1525
1078 1117 1276
435 465 280
-1743 -1708 1282
29 61 513
1288 1320 1648
605 643 1069
1539 1576 770
-1387 -1347 147
965 1004 1968
102 137 1480
146 186 1245
-1143 -1107 309
32 71 1760
1210 1241 700
-1561 -1521 703
1071 1101 922
-553 -515 1991
236 270 1433
-1041 -1003 1607
907 946 998
1653 1685 31
1966 2000 1149
1608 1639 1925
-920 -885 1588
886 920 1975
-1749 -1711 1476
-1724 -1688 279
-1470 -1439 1581
-735 -705 560
1098 1129 1785
-1278 -1248 1111
595 629 545
1738 1778 519
-1591 -1554 1887
-1354 -1314 1735
-1940 -1909 135
-1309 -1278 1329
543 580 1316
1983 2000 178
-91 -61 884
1858 1896 1332
-664 -633 1779
399 438 659
-1772 -1737 1097
-285 -249 399
-1330 -1294 790
-1232 -1192 1754
1942 1972 48
-1075 -1040 1815
1496 1531 750
1196 1227 111
676 715 1090
1284 1316 343
1318 1349 1195
573 610 69
1886 1924 793
1501 1532 294
-1395 -1363 1562
295 333 1656
-378 -341 267
-1111 -1081 1561
951 985 239
-1662 -1624 1586
-813 -782 462
-464 -432 906
-1518 -1484 585
205 237 292
40 74 1512
-809 -778 276
-1757 -1727 858
399 433 1552
-170 -134 1965
1031 1068 1704
-1402 -1366 1000
-631 -595 1486
-544 -513 495
-1369 -1337 403
1937 1969 1271
-278 -238 478
1059 1095 1626
-176 -140 494
95 132 1681
577 610 1361
-1687 -1647 195
-184 -152 800
483 522 1572
-412 -376 1670
-1588 -1550 865
-593 -554 222
1651 1687 637
-101 -68 614
-420 -389 1439
-731 -694 1201
1160 1200 919
-1538 -1503 1015
-1633 -1597 42
1375 1408 1838
-304 -269 977
-129 -89 951
108 141 450
-935 -904 63
-206 -176 1998
-798 -763 1282
-1671 -1635 1323
1467 1507 116
1407 1445 1378
-226 -187 1762
-1456 -1423 508
-793 -753 1170
1719 1757 1179
-574 -541 1120
852 889 60
-1363 -1325 1937
1282 1318 881
636 674 466
-1195 -1163 293
-114 -76 838
918 958 1049
1661 1701 1953
-630 -600 848
-1351 -1320 562
637 668 1210
1014 1051 1954
-1557 -1520 303
991 1022 388
111 148 877
-563 -531 1859
-192 -162 1191
696 732 1295
-719 -681 492
1822 1860 1199
43 75 1167
-440 -409 303
1926 1957 1527
-1149 -1114 1701
-1115 -1085 1366
-247 -209 497
-1795 -1765 1057
-913 -880 1639
-1360 -1325 1331
598 634 656
-1234 -1200 213
392 431 523
-1021 -991 1401
-1032 -998 1798
-1074 -1039 1001
-51 -15 1222
378 414 200
623 653 1776
1908 1947 1786
681 718 1184
-794 -762 817
1014 1053 634
1857 1891 1464
-59 -21 1582
1294 1330 1893
316 348 1353
93 128 1236
-1138 -1105 1625
1532 1562 1017
-1852 -1816 1028
-1900 -1870 1363
1799 1829 186
-932 -894 1144
13 45 1019
838 872 1260
-348 -308 1272
-725 -690 1969
-608 -574 130
-555 -518 1885
1302 1335 840
-1869 -1833 807
393 431 1459
1709 1744 923
396 432 784
-533 -493 1413
-440 -408 1126
1978 2000 1157
367 405 437
863 900 1834
-374 -343 1815
-1654 -1623 991
-573 -533 383
-1356 -1326 471
119 159 918
1220 1256 502
1159 1197 1966
467 504 1237
357 387 1601
840 875 258
1014 1044 489
-1177 -1142 1687
1561 1595 1806
1418 1453 518
-1237 -1204 1404
-149 -114 1210
127 166 1438
354 384 872
-1820 -1781 322
1932 1963 1340
-545 -512 578
-1999 -1961 876
1705 1743 771
-723 -683 1760
1480 1516 1029
-1310 -1276 212
1311 1341 992
1656 1686 197
1161 1194 246
321 354 974
-1976 -1942 975
1633 1668 1749
-1789 -1756 1577
-6 27 1716
-1178 -1147 686
1170 1206 497
-970 -935 1765
1297 1334 1122
1044 1075 624
-1537 -1505 121
363 396 888
-1666 -1631 566
255 292 72
-1963 -1924 1474
-1822 -1782 1471
1906 1937 1657
-800 -765 1996
92 125 787
-496 -463 602
-1259 -1221 1548
301 339 238
-1375 -1342 257
1562 1598 1164
-896 -866 647
85 116 837
-379 -341 533
972 1002 648
287 318 173
39 75 1809
851 886 673
295 333 359
-1355 -1317 48
-1991 -1953 1163
-1334 -1298 872
1940 1980 1071
169 203 184
1822 1853 935
551 591 398
1282 1318 534
1547 1584 1733
346 379 372
-1465 -1426 1883
1625 1663 1009
430 468 1239
-1247 -1214 1300
790 827 357
1988 2000 396
-1500 -1470 1890
826 866 604
950 988 266
1778 1816 1335
-962 -924 956
79 110 1832
-230 -191 1865
13 50 553
-395 -365 849
1082 1122 546
1873 1905 496
254 289 433
-329 -292 1061
521 559 1783
1558 1588 1141
-1376 -1336 397
137 170 729
-1787 -1751 627
-285 -247 1103
1120 1153 798
-587 -550 171
-1992 -1955 1763
159 195 1853
734 765 904
-1327 -1288 841
-290 -253 1163
-325 -290 100
99 139 765
1194 1232 54
1870 1900 198
-315 -278 1990
1543 1575 125
-995 -964 1189
-1495 -1465 45
-838 -804 612
901 939 235
1882 1914 438
821 852 272
-1188 -1149 635
-1651 -1612 1758
854 894 137
284 324 398
-605 -574 1363
1620 1650 198
0 40 1851
1869 1899 720
1745 1775 538
-1504 -1470 1031
-1532 -1496 1170
-420 -382 827
-1165 -1135 900
-1660 -1620 78
1653 1693 490
-1992 -1952 130
-1158 -1127 274
1400 1434 1207
-566 -527 364
-801 -766 174
1200 1233 1170
70 103 715
104 135 1729
-1569 -1534 1311
-647 -609 1250
-675 -645 1294
-1311 -1277 185
629 660 1638
-520 -482 254
359 396 782
1136 1166 1748
-1743 -1713 514
-1908 -1877 58
1822 1853 1872
-259 -222 609
-325 -295 1584
459 490 892
-1399 -1368 1960
-1764 -1724 1851
-843 -810 475
-1408 -1377 246
-257 -218 298
-1262 -1232 1325
70 103 1867
-526 -490 376
-84 -52 1348
1188 1219 934
-679 -639 12
-956 -922 811
-527 -489 1876
718 754 1590
41 75 1296
59 94 1273
-1104 -1064 183
-637 -602 1047
332 363 1951
1181 1211 1635
-1219 -1186 660
-1520 -1481 1364
164 197 123
-55 -21 1123
-1592 -1559 1879
1850 1880 606
-17 23 1149
-1766 -1732 200
576 616 1222
-1554 -1524 1621
1438 1471 1056
1672 1702 1275
546 585 1139
54 84 1239
151 191 1729
1806 1840 1595
-1179 -1148 1225
-1208 -1171 65
1294 1331 167
-20 11 1769
1007 1043 721
-1296 -1258 1025
701 739 460
-524 -485 348
1808 1844 908
900 931 49
-717 -686 1413
180 214 250
-1077 -1042 1199
-735 -700 1408
1479 1510 998
-1605 -1572 1198
-910 -873 1278
-201 -170 1028
1469 1509 1464
-293 -254 1808
-285 -250 410
831 870 467
1334 1370 733
1367 1405 1096
-296 -260 1136
-1850 -1816 1128
1768 1800 193
1635 1665 1964
-1237 -1203 1390
-528 -495 1659
-1946 -1906 1094
-948 -913 358
1158 1194 850
163 199 1070
-1004 -968 1976
1042 1075 696
-546 -516 861
340 380 610
704 737 1429
-132 -97 581
-145 -115 1701
-1258 -1226 455
-896 -861 1273
-1314 -1281 792
-1811 -1780 1872
554 590 1390
-1887 -1853 866
253 283 1319
-1201 -1161 452
-1153 -1117 893
404 439 1692
-275 -243 1928
-650 -613 865
597 635 57
-1420 -1389 658
1670 1704 1074
483 517 155
-541 -510 863
-1454 -1418 1726
1526 1556 699
1554 1593 1487
-691 -651 343
616 648 1245
1826 1866 1613
-160 -129 1109
194 230 898
-1124 -1085 987
-1848 -1817 1044
747 778 1314
938 974 385
1872 1904 697
799 838 1075
512 549 545
1950 1980 123
-698 -663 1420
729 760 368
1526 1557 31
-842 -805 1212
-442 -408 1222
567 607 729
-628 -592 765
1718 1748 176
895 928 519
-834 -802 168
-1643 -1604 52
1860 1896 1926
997 1029 22
-749 -719 649
-938 -907 472
997 1027 56
-1177 -1138 311
1999 2000 49
1629 1665 413
-664 -628 1587
-109 -78 323
-563 -532 1253
1059 1092 950
71 111 260
-814 -779 1495
-1089 -1054 965
1807 1837 101
-1521 -1491 262
787 824 739
1705 1745 448
1460 1492 1593
595 632 1721
-106 -71 1731
739 775 76
557 590 1121
-940 -907 1201
184 220 1681
-1926 -1892 720
-1093 -1059 1078
1928 1958 1566
-1495 -1457 385
651 691 423
-1982 -1951 1055
-1062 -1024 1598
-556 -525 1411
1963 2000 1756
-812 -777 481
-1758 -1719 375
-556 -516 392
-303 -265 712
-1714 -1677 212
-1461 -1427 287
376 408 1325
1346 1379 362
64 103 1685
45 76 150
-1947 -1916 847
1318 1353 1971
1695 1730 382
-108 -72 1848
491 525 610
791 824 584
627 662 1527
-217 -180 821
-1457 -1422 1364
-1059 -1029 1712
-39 -4 1475
-1922 -1890 1038
485 515 1569
-1028 -993 1457
1086 1126 1676
-393 -355 807
-737 -702 735
174 204 1546
542 579 215
1126 1158 1331
-105 -70 43
-476 -439 1727
849 885 1737
1391 1426 1610
614 646 281
1371 1401 775
446 486 1885
-732 -701 1022
-1601 -1562 1965
949 989 336
1826 1861 1111
-1997 -1959 295
718 754 1481
698 734 654
-1075 -1042 421
1609 1640 68
326 363 1479
1590 1629 626
-1426 -1388 491
-343 -308 584
-1902 -1871 711
1637 1676 53
-740 -701 1930
-337 -306 1618
-1128 -1096 335
1491 1526 1110
-459 -427 86
-1353 -1318 1389
186 218 1241
317 349 559
-1387 -1356 349
-529 -498 923
-282 -245 463
-676 -636 632
124 163 1050
1347 1380 304
535 571 72
-221 -187 1627
1887 1926 680
1908 1948 55
589 623 1232
-167 -133 187
-1095 -1057 1176
972 1005 396
105 144 748
1947 1986 528
1299 1334 1526
1063 1094 1604
-1756 -1722 850
76 116 1408
-233 -199 1206
620 660 609
1837 1877 172
1850 1890 80
605 644 1166
-1789 -1752 1828
-322 -283 1635
851 884 817
-1319 -1287 981
-1651 -1619 1447
-593 -559 880
145 181 1914
-1390 -1352 688
-188 -157 1603
487 520 885
-1640 -1600 178
196 231 914
-854 -816 1507
1737 1776 244
-1484 -1446 112
-458 -421 1568
-927 -897 1574
1656 1690 621
-1326 -1289 312
1313 1343 1811
1162 1199 4
-1200 -1167 1532
972 1002 1401
-1921 -1891 845
1541 1572 1154
657 692 286
-940 -900 1547
-387 -357 47
149 180 477
2 39 1279
925 964 127
1710 1742 1545
-1145 -1106 979
-1582 -1544 1764
-1557 -1523 1230
480 515 1213
767 806 1098
-1811 -1775 1188
781 813 239
1941 1973 1079
1718 1750 299
1704 1734 872
-1867 -1830 226
696 731 220
-1363 -1329 32
-402 -372 1909
-682 -650 407
-1092 -1052 1168
-1076 -1045 1919
396 426 141
1548 1581 1788
458 496 1848
939 972 288
-1229 -1192 983
1828 1858 766
-418 -385 1317
-1492 -1461 1419
-1254 -1218 1424
-802 -762 477
-565 -528 496
-1434 -1397 1963
-1220 -1182 1939
-80 -40 905
-1037 -1003 924
-1840 -1809 1450
134 167 613
-73 -40 1022
1918 1957 2
-1139 -1104 1346
1161 1196 977
1459 1490 680
1962 1995 326
-367 -327 1683
-875 -839 765
1807 1837 380
-1377 -1341 1989
-755 -725 575
-1219 -1189 229
1089 1123 1324
328 358 1550
161 196 1875
327 367 1317
450 481 794
1540 1580 348
-1017 -978 554
346 379 446
304 334 153
-1271 -1241 1327
-1317 -1280 1958
1953 1985 1822
1376 1415 1244
-1514 -1480 802
-1204 -1165 1671
-688 -654 1545
-1440 -1401 288
-538 -508 658
-45 -12 1565
-240 -207 1892
1594 1624 449
35 72 1580
1046 1078 1799
-968 -938 645
681 720 1478
-102 -71 594
-625 -591 1230
1300 1337 1348
-166 -130 126
1436 1466 1557
-1130 -1093 39
1747 1783 1812
-115 -77 741
-913 -882 660
1848 1882 888
-1456 -1419 1255
878 917 1413
-1405 -1373 483
-527 -491 447
-1440 -1410 252
1360 1399 1653
1355 1391 880
972 1009 1649
-294 -259 1351
-1766 -1727 1302
741 775 59
-1604 -1572 1491
53 89 615
245 281 1551
815 847 899
1893 1930 580
-1116 -1078 776
997 1036 1259
1736 1772 1982
-242 -206 1844
-1797 -1759 23
-887 -853 1885
530 563 609
-531 -500 1871
1450 1484 1670
1671 1701 60
1257 1288 1472
-63 -32 59
1509 1540 1594
1994 2000 303
419 451 907
1776 1814 1582
-1584 -1553 1413
1430 1461 787
-962 -927 975
-1664 -1625 512
-1661 -1631 1894
-1641 -1605 1306
379 409 1981
-1762 -1722 541
-1837 -1807 1878
1868 1903 1680
-1626 -1587 523
-131 -101 1560
240 279 1064
-339 -307 804
487 521 465
-888 -850 1117
526 564 1245
789 819 1789
1190 1225 826
-355 -316 1065
-1870 -1838 1286
-877 -846 519
1222 1262 1504
-173 -133 254
539 575 1711
787 823 1045
901 940 113
642 679 1910
600 632 1658
236 274 1244
-333 -294 1050
-31 7 1641
-140 -109 659
198 231 1564
-838 -805 22
758 788 234
1254 1284 1281
1280 1317 1626
1541 1577 1188
-1995 -1959 1632
-634 -601 138
295 328 1902
384 416 1315
479 517 831
-1911 -1880 869
1668 1706 1612
1207 1237 133
1258 1294 1348
-1333 -1298 1943
1502 1541 1123
1658 1691 1103
-1274 -1241 1641
-1246 -1208 774
109 148 221
-1666 -1628 1121
-857 -826 23
78 112 328
1597 1628 1729
568 605 369
-1152 -1122 1265
10 48 77
-722 -692 1361
-303 -266 1466
-753 -721 657
-1471 -1434 469
-1796 -1762 621
1098 1136 213
1101 1133 110
1555 1590 1739
-943 -904 1394
-624 -592 1162
-593 -557 1190
911 951 1646
1212 1248 493
-1731 -1701 1601
1821 1853 740
1645 1679 1180
465 503 1325
1834 1873 1642
-763 -723 1794
-61 -24 1445
1956 1993 1185
7 38 1159
1707 1744 169
-474 -441 618
3 35 1802
495 525 1318
736 776 1192
-212 -178 13
-1735 -1701 1314
1842 1879 501
-939 -904 1731
-302 -272 940
206 240 1293
-245 -211 1833
1864 1898 827
1848 1886 13
1078 1110 1714
966 1006 1117
-1601 -1569 442
201 233 674
-1379 -1342 798
861 898 565
-1292 -1252 539
1305 1344 1086
606 645 1979
885 916 1896
-180 -142 1105
-1410 -1372 392
-1751 -1719 63
660 691 1537
743 776 737
1388 1426 1665
-1061 -1023 1548
1814 1847 254
-395 -358 747
-1397 -1362 189
1655 1692 1761
-1775 -1743 673
-662 -631 1853
692 729 240
-397 -367 732
1876 1909 1385
796 836 1760
1061 1092 1555
-1164 -1131 1365
386 419 178
683 719 807
708 743 696
933 963 330
-1508 -1474 693
1405 1439 1189
990 1024 1050
105 141 751
-1172 -1133 1257
928 966 371
1934 1967 1425
1632 1663 1186
90 124 1040
1415 1454 1921
-1852 -1815 1804
743 773 411
-1370 -1331 1364
-1600 -1564 1739
1482 1521 405
1886 1919 495
-1577 -1537 1522
881 916 1977
-730 -692 1641
-638 -601 1886
1657 1696 630
1281 1321 1874
1878 1908 153
-304 -272 19
-328 -292 1616
-1548 -1515 1753
-1722 -1688 97
1752 1787 756
1355 1395 1009
448 479 1017
1976 2000 1035
863 900 1129
391 431 1481
1729 1764 754
-1471 -1433 438
1112 1147 1187
-597 -557 1386
-1154 -1121 1715
-1579 -1541 1277
-1599 -1565 1871
1365 1405 813
1441 1478 267
-1549 -1512 225
-940 -902 1573
-875 -837 68
-438 -405 1834
-1120 -1080 147
-1377 -1339 506
76 109 761
-1073 -1038 1832
-754 -717 113
927 967 1368
990 1023 1222
-1065 -1035 1820
-743 -712 612
-1660 -1625 671
-692 -662 786
1877 1914 1897
-1822 -1788 1578
-1024 -994 1580
448 483 830
1730 1765 90
-1624 -1584 1877
1034 1071 488
1615 1648 1911
57 97 151
-518 -478 1325
-1527 -1491 1980
121 161 769
735 770 777
-1486 -1455 1036
1996 2000 46
-136 -101 1063
1598 1636 1281
-1309 -1278 1451
-1957 -1922 403
1623 1663 458
-1541 -1509 1213
1003 1041 1833
-779 -744 1093
-1430 -1394 1467
-1096 -1058 309
1245 1275 1119
250 280 810
409 443 1638
-736 -696 541
894 925 246
-882 -851 1628
1925 1960 1689
-290 -253 1443
-400 -361 1427
1966 2000 1196
-1555 -1520 1722
538 570 1695
1618 1655 806
1723 1760 724
241 275 157
-726 -694 780
-1389 -1349 756
-1724 -1694 914
-1568 -1535 1596
618 650 236
1715 1751 1707
-1069 -1034 786
261 300 1989
-26 7 99
1273 1304 121
1613 1647 1246
1852 1885 1019
839 878 957
-1279 -1240 1307
-364 -325 286
447 478 1205
-1302 -1268 339
1374 1410 1696
-941 -908 489
-568 -535 838
-1468 -1436 1193
-99 -62 1908
-1424 -1393 1224
1558 1589 1187
-923 -887 1335
1335 1367 1301
-1114 -1077 1494
-164 -129 1025
-1192 -1160 151
745 785 131
729 769 1852
737 774 570
1383 1418 531
-973 -937 1523
-1951 -1920 583
-947 -917 1099
-777 -747 1
-1929 -1897 12
1460 1495 1266
-693 -658 1043
-1744 -1712 470
-252 -214 1377
-1678 -1641 947
1329 1366 1322
-1991 -1956 1399
401 434 428
1743 1779 1553
1611 1651 232
-1327 -1292 1769
-141 -106 175
-1458 -1426 372
-43 -7 588
1608 1639 661
-457 -423 1374
826 858 1236
1969 2000 591
1773 1807 1656
1197 1229 422
1381 1415 788
1667 1703 230
-1282 -1249 1229
-1348 -1317 542
1829 1866 10
-659 -625 828
353 383 588
-62 -25 583
511 551 402
-809 -778 1606
1852 1891 1573
1787 1823 862
1300 1336 142
-1558 -1520 464
-590 -552 1674
1821 1854 449
-82 -51 1981
876 907 1443
1059 1097 1408
-1225 -1185 1412
879 913 1629
-337 -300 1103
-1474 -1442 428
1289 1322 1313
-1869 -1831 636
100 136 475
-1915 -1876 1300
1161 1201 1101
-1530 -1490 1664
1665 1703 598
172 212 198
222 257 482
1629 1664 569
632 669 715
-175 -138 902
1340 1376 502
189 221 126
-1780 -1742 305
1110 1144 1145
-473 -439 1324
-643 -611 543
-389 -350 390
936 971 1702
