2000 4000
-1398 -1393 998
-212 -197 187
1742 1753 912
1620 1657 1403
-667 -664 1940
208 246 722
-959 -934 1595
116 143 701
1561 1578 219
-907 -892 165
-1310 -1283 256
-1525 -1492 160
1861 1871 529
-261 -251 1061
-911 -898 721
170 181 1398
-1122 -1106 97
1086 1114 808
1868 1896 202
-715 -701 489
-210 -202 304
86 118 1441
-483 -478 266
1757 1792 1787
-15 1 834
933 972 1465
391 415 1345
892 897 1799
-245 -236 241
1986 2000 1447
632 635 1177
1126 1128 33
-1613 -1598 1217
-1588 -1549 182
-1815 -1813 128
114 122 1860
761 781 189
642 679 138
-550 -522 563
-155 -127 263
319 354 975
740 770 979
-1953 -1947 1001
-1952 -1939 616
1979 1983 1822
416 456 851
603 620 117
-24 -21 102
1097 1121 1834
27 53 122
-1210 -1192 1404
-773 -738 1413
-1623 -1613 615
-431 -400 1540
-351 -332 810
821 828 1886
-993 -957 1989
-748 -711 1739
1081 1114 784
151 187 1211
820 836 650
-1080 -1040 496
1522 1543 783
1245 1259 1577
1014 1054 1526
1861 1869 1753
207 235 1948
-1557 -1519 53
1641 1649 1844
-1440 -1407 968
1238 1258 115
-1749 -1743 1538
723 754 1159
1942 1957 1796
1501 1538 339
1788 1800 1001
985 995 36
884 912 1261
-480 -454 656
-1277 -1257 463
-1214 -1193 421
-701 -689 1199
806 838 394
738 751 721
-1669 -1641 963
1961 2000 212
-338 -308 1175
-741 -735 850
1592 1608 261
886 925 82
-414 -411 787
1217 1252 1249
1422 1425 913
-1886 -1853 1355
-1333 -1328 540
377 392 242
-1733 -1700 43
394 410 1229
1028 1061 513
-411 -380 224
-1178 -1164 1256
-1667 -1653 1052
1774 1794 959
-659 -644 80
-1130 -1113 1209
466 499 984
413 431 242
-1660 -1631 1343
1060 1063 1488
1754 1772 1742
1692 1724 1275
1562 1579 121
595 613 432
-1366 -1345 755
637 661 904
603 642 180
1462 1485 1127
-1127 -1103 1702
-1965 -1951 1765
-290 -287 1925
-1943 -1935 1870
-1002 -990 528
410 422 1679
-539 -512 1608
-943 -909 482
1422 1441 38
-969 -951 1103
162 185 578
1212 1221 150
-4 4 1973
704 742 607
1938 1948 1822
-51 -36 479
57 61 707
551 582 1127
418 456 1854
39 76 998
1943 1979 55
374 381 926
270 309 1131
18 28 1030
-1768 -1745 1587
681 711 434
456 491 996
1789 1805 1421
0 28 1457
-966 -935 1294
-157 -143 276
1707 1728 173
-1435 -1414 1136
1759 1769 1736
1435 1473 1686
-1232 -1196 251
1802 1829 574
643 662 1763
-683 -660 314
1693 1705 1361
-1488 -1460 1810
1270 1299 264
-1611 -1584 667
-855 -840 688
257 290 103
1399 1418 450
1527 1552 505
-914 -907 511
-1721 -1709 121
1512 1528 692
-1789 -1756 1292
-1276 -1255 1110
1446 1456 1080
1601 1633 763
936 966 1296
560 571 604
-507 -491 1626
373 403 1497
1616 1619 25
-1950 -1913 466
349 375 1011
1617 1634 29
-306 -289 1720
-1330 -1311 1925
-1523 -1518 1212
1520 1536 1671
-897 -873 554
1520 1546 796
-1103 -1090 356
672 678 1333
756 775 761
1616 1652 1159
-608 -601 1407
-1069 -1035 1427
-1100 -1086 86
497 537 1681
-346 -334 1845
-877 -855 191
1394 1431 249
1257 1259 415
-345 -330 1934
1479 1492 55
-1551 -1519 1657
331 360 823
-1906 -1876 1698
1446 1461 1679
1521 1524 370
-1705 -1695 738
-1394 -1390 48
-851 -819 1011
-738 -731 973
295 324 1664
-609 -599 940
-1826 -1812 991
-1823 -1819 504
301 326 1334
612 630 1498
475 492 1316
-1612 -1597 97
1809 1817 1038
-1265 -1243 508
100 137 98
1254 1289 1113
-1065 -1049 704
-1835 -1801 1704
1004 1033 159
1975 1992 497
-128 -92 643
95 102 1301
1260 1268 336
1909 1927 1937
1822 1828 855
490 491 977
330 360 304
-811 -780 667
-954 -947 1446
-906 -869 130
-224 -203 1543
-1250 -1245 1545
1519 1532 529
1008 1031 1263
-256 -230 18
1683 1688 340
683 702 484
1505 1535 1617
-917 -879 203
-348 -337 469
1515 1538 431
-587 -581 1805
822 827 463
1931 1932 1591
1859 1894 1070
1766 1767 1896
1490 1495 767
1251 1258 1432
0 31 1788
-552 -538 1538
-1766 -1726 274
1906 1934 377
-1865 -1828 35
1433 1439 757
1152 1178 1681
-1641 -1636 302
-1828 -1801 51
-1806 -1797 314
-1690 -1657 1731
926 951 265
1662 1666 1386
1118 1158 9
1726 1746 1476
-1148 -1116 1703
353 384 1719
577 590 1646
1689 1719 1239
1357 1396 348
-1469 -1433 768
1724 1759 1730
-250 -210 1526
-1367 -1329 1324
1566 1591 213
-1009 -985 1014
654 691 239
-1071 -1066 651
-846 -839 1619
-989 -973 1534
170 203 1022
-1611 -1577 319
1148 1155 1202
-1836 -1810 1727
-161 -143 1631
551 587 1459
546 559 52
161 191 1651
258 285 315
732 738 1293
-431 -426 262
1060 1081 526
-1687 -1660 1742
-1977 -1951 1263
-1254 -1235 469
-567 -553 148
-268 -241 1337
-247 -221 878
1266 1284 1657
-619 -599 1605
1451 1485 1084
1412 1421 587
-872 -837 1311
285 316 1821
889 925 726
147 161 332
216 247 253
-1306 -1270 1726
-625 -610 442
1592 1615 262
-976 -957 883
98 121 420
-153 -142 1544
501 541 1376
-1218 -1196 79
-630 -606 1395
259 282 1346
-14 22 300
-1241 -1218 732
1609 1618 1248
624 632 1542
19 28 99
795 797 770
-733 -718 1453
-199 -193 763
1094 1111 1949
-26 -9 62
1221 1242 28
1948 1952 219
913 920 1876
-375 -350 1404
610 619 1953
-640 -620 191
-597 -576 1950
-977 -954 153
1249 1251 1059
1767 1789 48
702 732 1351
-712 -694 406
-1119 -1080 144
1414 1424 896
1263 1286 1388
1125 1141 1998
-1548 -1537 463
55 73 708
564 582 1302
-93 -75 304
1115 1119 1811
183 203 1680
681 704 860
578 618 1192
-1397 -1358 1749
773 792 1098
-1351 -1323 1133
1174 1175 909
-1892 -1887 1186
1029 1056 1615
-280 -256 1027
-1137 -1100 1943
1035 1074 415
-1730 -1715 9
1664 1692 1482
1552 1561 853
1051 1055 1709
-628 -593 1382
-358 -354 711
959 963 1166
-763 -740 1892
1076 1101 1512
1150 1172 1983
1223 1249 1388
1984 1992 550
-518 -478 1961
-1728 -1703 1270
-1322 -1313 1227
546 563 711
857 883 1711
992 1027 222
1233 1257 1594
1895 1906 521
-445 -428 1921
-546 -535 1097
1756 1796 281
124 147 45
1147 1149 147
726 737 1442
-1317 -1300 1583
1137 1168 1050
1042 1056 1787
-1519 -1503 412
-1673 -1654 1198
739 767 412
1391 1426 1534
1906 1913 403
711 720 307
-1056 -1046 579
558 594 1112
-334 -327 1144
-1501 -1476 1843
491 513 1872
-266 -260 1040
-1795 -1769 240
1556 1578 11
874 884 1864
-1662 -1641 1268
-1933 -1925 1832
-1939 -1935 718
-1443 -1433 413
-1301 -1270 1278
-1644 -1618 246
1928 1929 1005
87 96 321
-1793 -1768 1507
-420 -390 1971
1139 1177 1314
1681 1696 1801
579 608 726
-787 -758 1168
1712 1747 1133
-633 -604 1699
1410 1442 1393
530 533 383
1586 1588 1340
-1973 -1942 316
1292 1315 1237
782 794 1734
-1465 -1448 1932
-814 -787 672
191 226 551
1839 1859 1788
-870 -832 1744
219 228 610
-225 -190 344
1896 1926 1548
-541 -531 549
151 171 246
661 665 1247
326 338 1738
1807 1816 1768
1814 1853 1651
471 487 1019
-1266 -1262 1429
1272 1282 190
-1298 -1292 180
-591 -586 919
-148 -136 1219
1468 1475 516
1958 1980 1763
-883 -879 365
1096 1100 1301
-1258 -1255 792
-662 -622 1542
1715 1727 614
-165 -151 303
198 229 365
1747 1770 1732
1592 1609 82
-468 -451 751
276 278 723
233 252 386
1558 1570 1882
-338 -315 1431
1532 1559 646
1730 1743 1482
-923 -888 570
-1150 -1142 1671
1644 1675 70
-209 -173 1140
-1872 -1857 1112
1326 1335 1730
-652 -640 1811
-488 -464 850
-510 -506 358
1189 1201 154
1115 1117 1667
662 702 1833
1971 1995 154
-596 -587 1816
1913 1931 1334
604 630 1643
1945 1980 1287
31 60 1534
-883 -864 686
-727 -695 359
6 14 1250
966 988 29
-10 18 1165
1036 1059 613
310 316 705
1289 1320 289
-1375 -1338 1392
-54 -24 38
1399 1417 1762
-1627 -1609 461
123 159 571
-496 -456 263
-475 -448 1005
1267 1295 516
130 154 181
1290 1295 1280
-912 -888 140
1607 1626 1867
-867 -843 1356
-1673 -1650 1839
1619 1620 757
415 425 444
-1344 -1327 1114
438 461 1155
878 914 1619
1102 1127 568
-306 -270 171
922 944 857
93 110 1717
-841 -815 1169
1769 1809 590
-1441 -1409 1204
-1354 -1315 431
-106 -82 209
493 525 1715
-1932 -1922 561
-1014 -979 1131
498 519 1985
-1819 -1816 1243
-797 -781 1124
-352 -318 659
1403 1440 1075
-1990 -1959 1309
-1434 -1418 53
1581 1616 361
1458 1471 1372
-1722 -1721 1650
36 74 1690
180 216 1996
364 380 624
1026 1043 529
-663 -632 351
-155 -130 212
339 364 376
-772 -766 1881
1883 1890 1120
-1788 -1763 1834
1246 1268 1355
577 582 535
1106 1142 1673
1631 1666 712
581 617 1829
1028 1047 1676
-455 -427 205
-465 -459 862
1749 1784 1919
1646 1679 464
-1893 -1885 141
400 422 1798
-3 4 1042
-635 -610 823
-42 -16 1396
1485 1519 647
-484 -481 114
1678 1703 1259
-1106 -1092 1031
1021 1061 61
1786 1816 1859
1060 1088 1208
-1393 -1372 1456
-171 -135 1302
467 478 1405
-894 -885 509
1271 1275 704
1465 1473 991
465 493 651
-1190 -1158 1457
-1315 -1288 343
787 823 312
-140 -113 1798
-1928 -1922 171
-345 -308 732
1746 1776 579
456 490 1506
-491 -470 441
-906 -876 1544
1341 1371 1526
1084 1092 802
838 843 352
-1535 -1497 616
-272 -249 162
-1946 -1924 575
-267 -265 345
-21 -15 1651
-1792 -1791 815
116 138 899
1971 1977 309
-1371 -1369 1664
-1421 -1403 220
1943 1968 998
-840 -829 140
-219 -188 1044
-870 -855 785
-728 -689 888
813 830 1744
-1439 -1408 1960
-679 -676 964
-769 -741 1911
-505 -486 1497
-590 -577 691
748 788 957
824 833 965
-1299 -1283 898
1406 1440 112
1051 1085 1879
1917 1922 275
-1689 -1663 1785
1047 1086 211
-1125 -1107 1938
-1111 -1109 1534
791 807 1487
-358 -329 1699
-1625 -1606 1025
1323 1334 1993
1522 1524 473
-1377 -1354 693
1764 1803 1367
-500 -471 397
1397 1414 388
-700 -670 1266
-901 -896 465
1945 1983 1505
278 288 301
33 46 1143
-226 -193 700
1686 1696 1232
-514 -513 54
949 962 1273
-1429 -1426 177
-448 -419 1511
521 526 1516
-494 -461 1212
-1895 -1882 1487
1301 1306 178
-855 -834 186
801 812 770
1939 1978 717
-1021 -1017 1420
347 366 1676
-1419 -1403 300
-582 -555 1271
1181 1184 335
399 413 966
-1465 -1440 229
801 806 706
1124 1142 586
-1434 -1400 1467
-42 -8 762
-1312 -1288 1275
-285 -282 1156
695 696 1583
-751 -750 560
544 566 1465
1612 1624 66
746 747 94
-1567 -1533 747
1919 1929 777
-209 -181 963
334 340 637
1092 1101 543
-251 -213 1837
1030 1063 1759
1911 1919 454
1214 1236 1345
-1659 -1639 60
1845 1868 124
-38 -28 376
517 545 975
-1310 -1293 96
-49 -35 486
1945 1952 1210
552 584 943
-1396 -1376 1488
1180 1185 238
1826 1862 1109
770 798 511
-1298 -1285 425
1026 1046 1504
1810 1815 1927
-163 -138 741
-1667 -1642 1192
398 423 1236
-592 -569 958
-963 -947 202
-1308 -1286 143
1972 2000 290
-1534 -1507 896
1038 1055 1219
90 116 1045
1883 1901 1172
1677 1682 1823
-1929 -1919 1327
1540 1561 1075
1774 1786 372
127 146 1151
265 303 981
-997 -985 1259
-5 16 1428
1424 1438 1457
1928 1936 838
-1381 -1355 1784
1069 1109 1009
785 798 1349
-934 -926 263
-97 -78 62
785 822 30
527 539 574
-1545 -1540 1674
811 827 689
1959 1977 1640
-1219 -1202 1858
-1747 -1716 242
-757 -747 757
-1552 -1536 1184
-903 -879 1488
369 389 12
1897 1914 294
-1949 -1947 458
-522 -509 875
923 928 1439
-508 -504 571
-1570 -1531 483
-111 -102 105
545 582 626
-757 -734 507
1022 1060 840
-947 -935 141
-1310 -1284 24
522 533 31
1838 1877 1382
9 43 1408
1038 1049 1951
-1705 -1679 1559
-853 -843 1728
526 560 1146
-161 -146 1673
-600 -560 351
1772 1810 1255
-1814 -1787 787
-159 -133 1920
617 643 1561
-1439 -1420 297
-987 -973 340
-1409 -1373 886
-685 -673 1822
1547 1584 1695
-456 -437 924
1173 1191 723
609 620 559
-1079 -1047 213
-1796 -1759 1487
334 339 805
-1608 -1588 1756
432 464 475
1809 1844 1147
619 652 286
-207 -168 1303
-1649 -1646 1806
-29 -20 70
118 130 587
1059 1094 989
175 177 895
-1519 -1490 765
-146 -108 80
-647 -623 183
1460 1461 1787
-1375 -1369 1253
-1584 -1581 870
1885 1910 1319
-1903 -1881 1672
-442 -410 1314
1711 1728 677
1787 1790 669
104 129 675
-428 -422 565
71 96 1832
911 933 1007
732 735 224
723 726 1172
908 947 519
-1799 -1762 1893
-817 -803 341
-228 -198 1635
-161 -155 1840
-45 -7 1959
1905 1913 1001
1139 1168 775
1394 1410 124
1655 1657 1525
-742 -703 1354
-659 -650 1357
1356 1385 1394
-533 -510 620
-1581 -1541 1220
-936 -897 368
-1967 -1934 293
-1299 -1276 839
-544 -527 1841
1136 1146 1225
1543 1556 652
-26 13 1089
1612 1645 150
1848 1870 1160
-1686 -1655 148
-1938 -1932 150
336 356 631
347 353 1252
-194 -173 1035
949 970 1225
1993 1994 23
-290 -251 1275
-1475 -1473 523
600 636 82
1304 1338 974
-546 -513 290
-1098 -1061 377
-1673 -1639 480
-536 -501 709
-1991 -1951 896
-1400 -1399 1195
-421 -409 120
-1915 -1890 849
1061 1083 1895
1702 1709 1559
-1245 -1218 667
-1771 -1756 820
-1234 -1210 1303
-818 -787 1960
1306 1340 357
524 563 547
-664 -630 1301
758 783 1047
807 842 91
-1229 -1203 1846
-1068 -1043 1457
1277 1283 675
1485 1511 331
-1514 -1482 212
-1411 -1378 638
799 807 792
1698 1701 1054
-1849 -1817 965
-891 -856 612
-866 -856 293
452 489 974
-1036 -1025 32
-1604 -1602 1518
1269 1294 1832
-950 -913 1790
-116 -79 124
-1658 -1636 1722
838 870 1953
45 71 686
-1128 -1089 1976
-929 -918 342
866 891 1114
374 389 602
-1051 -1050 169
1963 1987 1942
-984 -946 964
-1000 -986 1129
-1087 -1062 824
-946 -932 627
-1771 -1738 1830
255 288 1242
-1116 -1115 1840
1030 1054 851
1032 1063 1636
-140 -103 1052
-209 -202 561
-1967 -1961 1940
-325 -322 1931
-1434 -1414 1164
433 466 776
-315 -314 743
-219 -214 161
-413 -394 1352
8 10 11
-1235 -1224 1433
1420 1423 1961
60 84 1998
32 66 1625
610 625 870
-830 -795 508
1954 1958 1039
1921 1940 795
30 33 1706
187 224 1718
-1668 -1666 1473
1402 1414 1796
-1836 -1830 1116
1004 1027 668
1132 1158 1739
-1520 -1499 604
1829 1860 197
1750 1782 870
-969 -956 1100
-1762 -1756 705
-819 -785 1036
-701 -698 189
1729 1758 1392
861 897 1394
1833 1872 876
-828 -791 1284
-1836 -1830 1570
-1123 -1120 1868
-280 -273 279
-1386 -1358 1814
-236 -214 825
1851 1861 1532
-1910 -1891 957
-487 -451 1731
-1981 -1970 1494
-808 -787 1626
117 144 490
-830 -798 60
-582 -579 796
-88 -86 1375
577 583 1201
862 883 1255
149 150 426
1188 1213 593
-1526 -1512 1958
-1408 -1397 673
1541 1556 746
1852 1853 425
-88 -51 821
1528 1535 1250
-1291 -1285 640
1191 1204 1563
-1550 -1535 1612
-789 -761 1597
1995 1998 1608
-1403 -1376 210
-261 -252 184
566 598 1769
-234 -225 1476
-1383 -1368 1127
-734 -724 953
755 758 1548
72 99 956
-726 -697 794
-1036 -1025 746
-76 -41 1966
745 778 93
-91 -51 1805
1884 1900 186
-1982 -1952 1423
1423 1453 1643
-915 -881 241
-236 -213 1178
-376 -342 1809
927 928 77
68 104 1261
496 536 1657
720 725 128
-1779 -1770 874
-1943 -1907 183
-908 -884 988
-1474 -1436 850
-907 -886 1905
856 857 57
-1023 -1012 958
915 954 1768
355 370 1139
-1604 -1598 306
1832 1864 752
1644 1661 654
1479 1488 978
-529 -507 190
-1962 -1935 38
738 755 1058
-642 -619 492
-324 -292 130
1667 1684 1761
-1559 -1541 1237
-601 -566 1707
1454 1490 854
-1000 -970 159
-299 -287 315
-625 -619 276
-168 -166 740
1080 1099 1970
-1738 -1724 1140
-239 -221 401
-647 -630 362
213 238 949
123 126 680
747 772 395
-1738 -1733 211
1480 1493 372
1415 1429 601
-1910 -1879 62
-1820 -1783 311
525 548 234
1914 1933 1026
583 616 1639
-377 -351 562
-149 -138 271
-1457 -1438 952
-674 -648 141
1410 1432 1732
-1439 -1424 475
-1402 -1379 283
-1929 -1916 938
-644 -615 1293
311 328 544
-1234 -1228 1181
1469 1499 1925
-1624 -1621 1416
-992 -978 1349
1588 1617 1327
-1806 -1804 869
586 590 1252
-799 -787 365
-18 17 797
-1769 -1754 694
-1910 -1892 1938
48 77 885
1268 1293 1549
-675 -636 871
-20 9 1490
-872 -867 994
-1403 -1382 850
-1300 -1296 131
1322 1344 1614
1662 1697 263
-818 -794 607
1987 1996 1801
-903 -875 766
1406 1417 1714
200 207 1906
1012 1033 471
-392 -358 1816
-27 -3 1063
-1960 -1947 24
-905 -883 339
1467 1489 1817
1599 1614 196
1887 1906 1167
1821 1859 1330
-1927 -1905 977
-1441 -1419 1692
-829 -802 30
510 519 1138
970 998 1512
1206 1219 1221
1330 1343 535
-1266 -1248 329
-458 -451 925
955 978 1553
-1473 -1440 1827
121 149 957
420 431 718
-1581 -1571 204
-1626 -1593 1739
-1939 -1917 121
334 342 1209
1512 1526 629
-1758 -1740 861
-1867 -1827 1721
-330 -318 1210
-1533 -1524 952
862 877 1994
-1498 -1458 594
1800 1828 250
1847 1873 1434
-345 -324 1071
1859 1899 1152
1553 1565 613
796 815 1691
-1487 -1468 1985
1054 1062 1789
-1105 -1094 1107
1406 1415 622
-1658 -1638 903
-1987 -1983 136
107 137 1137
-158 -138 378
267 299 1384
89 124 1872
-1446 -1421 1238
-1800 -1765 1745
1295 1302 1376
-923 -889 1976
-1323 -1292 1245
1660 1686 614
-662 -627 1627
-1648 -1629 1231
-1607 -1599 1521
282 300 1713
-607 -580 1045
-1231 -1204 842
1751 1755 786
1209 1243 1234
-485 -454 1155
-8 3 1634
1387 1393 1331
1086 1088 94
-1512 -1474 39
1784 1795 1693
-1790 -1763 60
-707 -696 899
-486 -470 536
1395 1424 196
842 843 904
-216 -192 378
1175 1184 826
-202 -192 239
108 143 126
-201 -200 62
-1407 -1392 1902
1198 1237 735
-524 -495 1676
1174 1194 147
1455 1471 804
1696 1711 1800
828 850 1581
697 726 1004
-1160 -1154 231
171 185 250
-1854 -1823 1582
-643 -641 133
13 42 642
-903 -895 1526
-395 -373 1919
217 229 180
-1444 -1417 1063
703 729 1926
0 38 659
-192 -184 453
-1255 -1250 1578
-626 -588 1367
72 99 1848
-1662 -1634 1813
-1992 -1973 1094
-1533 -1519 1968
-1512 -1501 1900
-348 -314 87
-289 -287 1697
283 312 1447
-671 -645 1902
-986 -972 519
-978 -956 1040
-971 -964 956
-624 -596 1304
866 871 1958
-1126 -1112 828
-933 -916 501
-567 -545 670
-1562 -1558 1173
-721 -693 513
1865 1874 312
-847 -838 392
-51 -49 446
1155 1158 1618
-31 3 1925
-1626 -1591 1189
-348 -334 1758
-1247 -1227 885
67 96 108
1044 1059 1554
1098 1135 18
-510 -472 1849
-224 -211 891
-1348 -1343 370
425 452 1427
-1951 -1926 450
1772 1801 353
829 854 930
-916 -901 1873
-983 -982 55
-369 -361 605
-877 -854 529
-1461 -1443 1136
1295 1325 243
563 602 1828
-1650 -1611 1243
-753 -735 701
-1652 -1617 1108
-1381 -1364 801
-1301 -1294 1129
-345 -343 1584
-755 -723 1605
1021 1022 934
1766 1805 1824
848 878 480
-1270 -1258 1298
1135 1156 1129
-255 -239 1877
-6 32 334
911 932 593
1014 1044 1558
626 639 1730
1715 1740 133
1582 1608 1460
400 427 663
-752 -721 459
1356 1385 899
1926 1953 1129
-1908 -1893 1124
1496 1506 936
6 13 1367
-138 -126 1133
-1927 -1916 293
-1718 -1701 16
1622 1638 744
-907 -897 1572
950 965 116
526 530 1091
-1106 -1093 454
-1678 -1650 1339
1248 1288 402
1381 1387 1354
-367 -363 1517
-381 -355 474
1760 1765 48
-612 -600 329
-876 -849 237
13 52 1597
-1640 -1615 738
1844 1852 932
258 279 909
-155 -117 392
-1132 -1103 938
357 358 931
-943 -915 1155
513 546 1934
-1876 -1866 1223
436 457 155
-1319 -1314 44
-1551 -1548 1303
-1658 -1646 868
992 1003 243
1668 1708 1444
626 645 1622
1387 1401 1321
891 893 581
-836 -803 1292
553 571 1971
1670 1676 81
1925 1953 1541
1865 1881 323
1861 1862 93
-577 -550 1942
-740 -717 180
-363 -341 608
1817 1821 1775
149 183 485
-934 -931 860
-1924 -1904 510
-282 -280 1329
-1109 -1098 1363
-1934 -1896 1025
1302 1319 34
-207 -193 1123
1905 1939 467
1640 1679 893
8 23 174
1678 1699 976
1647 1661 1478
1104 1137 995
-1255 -1254 978
-1493 -1473 1059
1751 1774 1954
1573 1605 1495
181 191 1941
48 61 1829
-978 -943 1599
-80 -71 1678
1983 2000 747
-1032 -1000 265
-111 -103 1475
-1973 -1945 1099
811 827 243
258 282 1181
469 482 277
-1193 -1163 1510
1108 1128 17
-1364 -1347 1835
1531 1532 1035
146 166 1701
1671 1701 208
-1902 -1891 1646
-1524 -1490 852
1753 1793 1980
600 640 554
-1279 -1270 1725
529 555 1208
-985 -955 1913
1559 1592 702
-607 -567 1371
-452 -416 137
-87 -73 434
1852 1886 1326
1732 1735 183
-574 -557 929
1510 1514 289
-1189 -1181 1498
-1745 -1710 457
-1861 -1829 572
-1385 -1353 447
155 161 1983
963 967 55
70 94 893
231 243 1664
-1787 -1782 531
1068 1087 904
653 678 1837
-1797 -1776 1739
-1175 -1165 458
442 446 341
-1853 -1835 1118
1298 1333 594
-1131 -1113 1990
-1738 -1725 1288
1879 1909 94
-569 -540 654
-1228 -1212 900
1796 1827 844
1207 1232 1841
-858 -830 82
-1626 -1592 1583
-643 -633 231
-954 -937 1004
-1644 -1606 1301
1159 1173 683
-1406 -1380 811
344 381 1680
857 859 1387
752 788 1650
-681 -653 1185
381 394 1014
-217 -206 227
670 704 1075
-1653 -1642 1502
898 906 1341
-1602 -1589 458
-1227 -1215 509
1434 1473 1659
-56 -23 843
-493 -454 1097
287 290 1856
-331 -324 129
1537 1571 1946
-1726 -1710 1577
159 170 1248
1942 1973 66
541 549 1565
-1542 -1518 1841
-1359 -1346 244
278 317 1861
-419 -382 1121
-1095 -1093 115
-1509 -1494 1033
-2 15 1183
-1938 -1913 1854
707 729 1036
206 216 143
423 440 409
987 1016 454
673 686 1475
1399 1436 642
36 62 927
-1172 -1135 1147
-215 -196 778
459 469 981
1690 1725 157
-1514 -1475 388
-1738 -1713 326
745 780 1655
1635 1661 666
1701 1715 1215
-741 -725 265
1014 1015 224
1196 1232 766
1771 1775 760
1264 1268 1517
419 451 979
-1145 -1122 790
-329 -318 489
1957 1963 936
1661 1675 123
1149 1167 436
590 596 1850
-394 -368 712
-330 -298 669
-633 -603 912
2000 2000 1741
-739 -734 662
-561 -522 1577
-1727 -1714 1183
-1476 -1445 344
-1686 -1685 1854
-1248 -1224 330
-1927 -1900 1754
-840 -822 794
-1859 -1848 55
411 423 1229
1090 1110 769
-153 -125 976
-1047 -1045 1242
-169 -135 1735
-361 -344 1511
135 162 921
-432 -421 1678
516 529 1679
-985 -955 1289
-1412 -1372 1551
1331 1346 330
-1464 -1439 1326
-483 -476 175
-1850 -1841 1621
1219 1252 82
-1752 -1723 1405
527 528 1445
-1615 -1595 1474
616 623 1849
-1283 -1258 1164
354 357 1203
-755 -740 1986
1288 1316 1763
716 750 1685
-1450 -1428 1977
-1441 -1419 233
47 48 738
-27 12 656
-1224 -1223 1489
1669 1672 1801
1332 1363 1084
-1501 -1476 716
-924 -894 1974
-1189 -1151 1886
1937 1967 1450
-1806 -1794 27
706 708 97
1088 1104 1343
1934 1947 1858
197 200 1319
-1523 -1492 1429
-1196 -1190 820
856 890 1299
-696 -657 1100
-484 -482 804
169 192 819
1404 1434 1261
1255 1266 1448
218 225 1858
-280 -274 1509
-906 -899 37
-1179 -1155 1795
-1108 -1080 1303
-1443 -1442 278
979 997 525
922 953 756
-22 -10 670
-1068 -1044 1710
-250 -218 981
-613 -603 1442
1454 1459 1855
-1587 -1567 717
-832 -820 1786
-1822 -1810 1765
217 227 1364
821 853 103
-405 -390 1407
-462 -443 1408
1523 1547 484
713 749 1318
-632 -608 418
827 860 1906
-1074 -1042 223
216 251 830
-1592 -1556 82
-433 -422 658
-1536 -1530 1234
-1652 -1633 227
-912 -889 82
1446 1457 589
-717 -714 1822
373 406 87
1863 1882 228
-145 -119 1588
-720 -707 493
90 98 1111
1880 1882 1574
1290 1316 1236
756 761 1253
132 162 22
1647 1670 241
-740 -722 1972
-1375 -1344 1259
1075 1092 378
-1703 -1680 176
1176 1194 317
-1954 -1940 1444
-1310 -1286 1289
-970 -962 617
951 976 413
1923 1936 1273
1144 1173 371
-1892 -1884 928
1477 1508 653
1868 1892 129
96 133 787
1490 1525 148
-1002 -967 278
-1828 -1798 566
-617 -604 1255
243 268 1780
-127 -120 362
1932 1951 737
-1650 -1610 1270
550 552 1966
834 871 29
1086 1089 1440
-1272 -1263 391
1371 1405 1864
-1422 -1402 417
1816 1824 636
-1579 -1562 1228
1202 1239 404
-424 -392 1358
-1818 -1783 1047
1058 1073 890
1347 1384 566
-1111 -1079 829
-1279 -1271 733
1836 1858 624
901 915 1217
-632 -600 188
-547 -514 1711
-1300 -1289 1536
-455 -416 1275
-350 -333 1004
1939 1965 822
1485 1516 145
588 597 477
-1217 -1189 1066
626 633 732
-1469 -1438 1719
-708 -704 1268
-391 -386 349
-96 -73 1763
1790 1809 373
-521 -484 419
-1534 -1516 1604
1343 1365 1975
-1710 -1671 122
321 335 1358
1808 1815 1830
1629 1633 1905
1362 1390 1479
-822 -809 1975
1818 1849 1947
-1797 -1794 683
-1194 -1160 1473
908 947 950
-1660 -1646 410
1168 1183 1031
-124 -100 1432
342 361 406
-786 -759 1433
1051 1087 541
1589 1598 1184
-923 -920 1229
1798 1838 796
1653 1687 1243
1727 1750 748
650 689 1415
1022 1028 25
-107 -72 1354
-171 -152 1630
87 104 1248
-515 -476 1868
-1357 -1320 331
1286 1302 1417
826 853 1483
-402 -398 588
-1711 -1681 900
1270 1276 1064
1612 1633 784
1234 1238 1928
-1869 -1835 1957
-1579 -1568 1149
183 190 1322
-1662 -1654 356
-1055 -1025 1949
36 58 221
-987 -966 1662
909 948 1567
1937 1977 108
914 953 1036
-1188 -1183 1427
-215 -178 1620
-159 -130 1030
-623 -619 1189
1843 1866 1448
1115 1138 1366
692 695 1439
-1870 -1868 308
-1119 -1092 1873
1404 1430 1626
-772 -752 488
-1725 -1693 1742
1969 2000 355
-1149 -1124 1126
1881 1898 702
-46 -37 625
608 642 1675
1778 1804 1743
1458 1465 145
114 120 855
1892 1894 925
-14 -1 765
1578 1596 1350
237 256 1328
1769 1798 795
1524 1560 1857
-1052 -1013 219
152 159 304
1059 1091 1281
-1836 -1809 1061
-897 -878 739
-191 -169 369
-817 -811 370
91 104 1850
-1325 -1309 1523
-979 -975 45
72 99 1580
-343 -305 554
-1970 -1960 1276
-1127 -1096 143
-1265 -1253 1579
1186 1201 1920
817 841 1546
1310 1333 244
1016 1030 396
1107 1131 1113
1157 1158 1863
544 576 730
1040 1052 1923
1141 1174 514
-1478 -1438 1875
1308 1340 1470
-964 -947 927
1659 1680 1989
-404 -370 1513
-1888 -1855 699
190 208 718
1544 1565 1915
299 326 187
1958 1973 210
894 922 202
314 348 1122
1259 1286 1752
-15 -14 338
-405 -393 211
1965 1986 1874
714 731 1745
-1601 -1598 942
1059 1062 1955
-1764 -1736 1370
-1313 -1302 1155
138 174 1310
-1377 -1354 1083
1279 1293 1769
1040 1049 589
-372 -332 441
-472 -470 1138
-1071 -1050 631
-728 -691 1257
576 609 464
237 263 1971
-941 -923 1192
1666 1696 1030
1961 1981 990
802 821 1209
12 49 786
577 595 447
-1920 -1900 1492
1360 1393 1870
1376 1380 589
-1951 -1920 496
-664 -630 1883
-521 -515 303
897 933 775
-1742 -1717 1286
771 775 1878
1331 1351 1628
-1747 -1745 1784
858 897 795
1909 1916 222
-953 -947 339
-792 -782 107
475 489 1451
1625 1634 788
907 914 545
54 92 935
-920 -891 1380
1569 1580 1259
982 983 59
-1378 -1363 818
1120 1135 351
-1986 -1963 1440
506 539 937
-103 -91 421
-153 -132 1773
1691 1692 1034
-1413 -1373 769
-1439 -1399 80
1310 1346 164
-997 -982 1658
980 1013 617
1097 1128 216
-906 -884 1654
-1623 -1590 1641
858 879 369
-1762 -1740 648
1415 1426 1285
-1496 -1470 1040
-528 -497 986
-986 -951 933
-766 -757 1742
1975 1991 1004
-1170 -1148 1631
-963 -934 886
-1455 -1453 1070
583 594 123
1749 1755 1082
439 450 1492
584 599 497
1157 1167 1930
1556 1588 1220
1087 1103 1422
-1755 -1724 754
1689 1703 1297
1277 1301 1780
-586 -546 1390
1875 1912 592
-1273 -1240 1767
-358 -328 576
161 180 999
-945 -922 1847
1558 1592 811
1194 1232 79
-1471 -1438 1478
1126 1137 266
-1566 -1551 556
-1272 -1244 691
-1425 -1396 1508
-1507 -1503 1246
-775 -750 1053
615 628 1757
470 475 435
524 533 303
-1636 -1622 328
-1027 -999 741
-16 5 410
-1361 -1348 1078
1345 1356 514
-1977 -1939 350
-526 -501 530
838 872 67
-76 -74 1445
1989 2000 1250
-874 -847 1552
1636 1653 1826
1291 1293 1468
-1385 -1366 1481
1505 1528 351
-1916 -1910 113
-1695 -1684 1345
-1333 -1300 126
674 709 1097
1320 1335 949
-141 -124 1418
1301 1312 363
-889 -879 1482
715 750 811
894 927 413
-1847 -1828 987
-1807 -1796 736
1273 1279 18
-1348 -1332 504
1119 1124 652
-120 -87 580
1834 1870 336
1179 1191 1166
574 580 1636
-214 -197 308
717 755 546
-1530 -1497 1240
478 517 1151
-1679 -1663 1181
-791 -768 666
-1604 -1590 938
-1155 -1132 1068
674 706 84
-1371 -1350 501
-802 -776 1438
1254 1289 1091
-923 -896 381
982 1017 489
758 784 1679
-484 -462 979
790 801 1783
-1644 -1617 1973
1044 1050 1406
-565 -550 1459
663 702 555
266 300 688
-759 -730 1768
800 827 1466
-1905 -1869 1836
-404 -370 358
-713 -700 228
-1670 -1667 634
-1024 -1017 234
1746 1762 241
-1202 -1184 1269
532 537 683
695 713 1449
-989 -949 1035
-1867 -1834 64
-330 -309 946
-1902 -1879 1356
1810 1816 436
657 683 466
1722 1744 925
-1611 -1582 1932
-1768 -1751 950
-659 -643 71
120 149 1437
-1354 -1316 1287
1409 1437 389
70 103 1731
-999 -988 498
1360 1366 336
-549 -533 880
1128 1150 1677
-1468 -1437 128
-427 -404 1667
1401 1433 1577
816 819 566
-1515 -1492 109
-1229 -1219 797
1872 1904 967
1816 1843 105
142 146 1079
1229 1251 1785
-1841 -1825 480
1039 1074 1565
-1666 -1640 1715
-959 -921 402
-307 -299 1763
-160 -132 1789
1405 1437 1542
145 179 1488
-952 -913 314
-282 -255 267
1301 1333 444
-1614 -1596 765
574 611 29
-472 -468 524
-363 -345 778
577 590 901
-597 -580 842
-176 -167 565
-311 -276 1566
1855 1874 115
1451 1475 1585
-947 -946 1014
88 93 203
389 394 1129
836 847 1819
419 437 1455
-131 -99 569
776 780 736
1396 1409 6
-740 -705 492
-671 -644 667
654 662 830
-75 -70 1516
983 1014 220
1527 1533 1634
-1156 -1138 504
533 538 428
480 514 236
-1286 -1268 952
379 403 1586
238 270 357
-568 -547 1759
-1245 -1231 1566
905 915 194
1660 1662 102
876 880 1474
-1781 -1749 569
-67 -37 622
296 327 546
-937 -936 184
-656 -639 1321
1325 1357 363
394 396 1822
-66 -53 459
-1830 -1795 450
281 298 221
-1165 -1160 1048
-348 -314 1826
1650 1675 1410
67 82 1490
-755 -732 1243
-419 -415 1631
424 441 985
-192 -188 1210
-447 -424 32
1216 1235 704
1019 1048 712
861 862 349
194 197 1016
-1754 -1723 745
-1649 -1640 1843
-999 -992 447
-999 -991 1831
517 521 1572
1577 1585 416
1838 1843 1333
1834 1859 313
152 190 1551
391 417 192
-1984 -1954 610
1897 1935 1864
1123 1150 175
-1842 -1823 666
1299 1325 721
1776 1778 1519
1036 1049 909
255 270 1618
544 560 566
-1606 -1600 1486
-1085 -1055 969
-1192 -1176 944
-681 -662 1669
1517 1530 1210
1114 1130 1967
1686 1709 1184
-1615 -1582 891
-1119 -1101 1063
-565 -529 1877
-157 -143 372
-413 -409 97
1614 1636 476
-334 -314 1842
-949 -948 151
1454 1463 1062
-171 -166 1360
1088 1120 908
-641 -602 1114
-1150 -1118 229
851 875 1602
-1770 -1756 144
1531 1553 1702
-1348 -1321 1358
-566 -553 402
308 316 632
122 159 327
-1591 -1551 1198
-1343 -1322 1445
-138 -111 1394
-674 -642 1865
388 419 407
610 635 1067
-1137 -1122 1877
1717 1743 1077
-1749 -1711 572
-814 -799 1727
1727 1750 566
-32 -29 1272
-1368 -1350 1198
-1299 -1287 789
-1866 -1853 1932
188 198 1237
571 591 222
1412 1448 505
-1536 -1519 513
1525 1561 316
-88 -69 203
832 867 1516
-1734 -1697 1856
847 883 1558
1965 1993 1390
983 984 978
-205 -165 985
-283 -251 916
388 394 72
-998 -988 1380
1025 1053 747
912 944 1455
1966 2000 1982
1179 1196 1807
-979 -977 1352
1160 1168 535
-1232 -1208 145
-767 -744 623
-877 -863 184
-1942 -1919 1322
-573 -569 1639
-1247 -1229 151
213 248 1121
-1904 -1882 174
733 773 1204
1353 1376 1669
1664 1675 719
-1507 -1495 475
1170 1206 589
-100 -73 1628
-1314 -1301 559
735 767 1009
1426 1466 352
1832 1859 132
1152 1187 1690
-1996 -1965 1193
-87 -55 505
1707 1715 464
-696 -691 1656
1018 1033 1320
1182 1217 1554
1998 2000 660
-1555 -1548 966
-1892 -1865 602
-222 -184 770
-1751 -1721 1758
-638 -605 618
-1819 -1783 822
1282 1316 528
1072 1091 510
-1193 -1160 253
450 488 140
1040 1074 1277
1396 1425 1599
-1532 -1518 868
-27 5 36
279 283 1915
863 864 351
-833 -809 1909
806 813 740
-1109 -1091 292
1079 1085 247
-767 -750 101
25 49 1726
-677 -647 1085
-1072 -1040 1207
498 523 530
-605 -570 28
156 192 869
1749 1753 940
639 648 1557
18 20 346
1385 1395 769
1091 1126 329
-1754 -1722 316
79 106 963
-282 -280 1221
-669 -634 1815
-1623 -1614 437
30 33 1763
1113 1138 1644
1448 1480 844
-286 -284 243
828 838 1393
-110 -92 1819
-1563 -1553 1441
505 511 135
-1324 -1309 1207
1583 1597 1777
179 204 795
337 346 610
124 144 853
131 150 185
-651 -630 756
415 422 271
-825 -797 1931
545 562 1395
1834 1855 701
630 651 1454
-1607 -1604 1350
-555 -535 1881
1363 1396 1724
600 627 1397
-394 -378 1122
-1230 -1221 1256
-433 -402 1882
-614 -608 604
-1735 -1718 1696
368 394 642
-607 -576 446
-870 -846 77
-1876 -1854 1525
380 398 1769
-1235 -1234 940
-737 -702 1263
-1493 -1472 490
304 309 1213
-1321 -1320 989
-20 -13 1868
-1738 -1699 912
1879 1896 1546
504 538 1860
1921 1942 1705
322 327 1941
533 567 1626
373 384 363
-1383 -1344 351
764 798 1557
1424 1461 974
-1380 -1344 340
-314 -287 1412
1032 1072 1808
-1907 -1867 1415
469 495 1263
1086 1097 1031
1563 1592 895
-1898 -1872 1264
-567 -566 1929
-725 -710 1395
1280 1299 60
-1019 -1005 553
1428 1439 838
-169 -151 1336
1453 1490 1016
246 272 679
602 615 440
1346 1379 1294
1680 1689 480
-1910 -1870 496
-1776 -1755 748
-36 -11 27
-1036 -1023 1815
-725 -688 229
1826 1852 737
-285 -271 556
145 175 111
1400 1434 1167
-1982 -1955 1013
-1546 -1510 1997
1963 1969 1417
-933 -908 267
621 648 851
-131 -108 1585
-1335 -1319 867
1430 1435 1183
-1595 -1582 530
-1141 -1137 1446
-1904 -1889 1331
1875 1886 1436
398 433 1970
-814 -794 90
917 943 406
1567 1571 111
-212 -198 1190
1764 1766 302
544 578 232
1560 1592 1323
-121 -113 714
613 622 812
-175 -137 1881
-1036 -1005 1453
-479 -463 1959
-1336 -1310 191
-1500 -1489 1276
1503 1508 328
890 930 1584
1011 1039 719
-681 -644 1198
-1546 -1531 1485
-1508 -1474 1939
-1042 -1015 1053
-1382 -1375 715
1467 1506 583
-1867 -1831 1294
512 534 430
1570 1576 752
-1194 -1182 541
-243 -223 1726
302 308 210
1986 2000 1813
-1606 -1578 890
-1705 -1693 1555
-788 -763 865
1491 1506 1447
-26 -5 1094
-828 -823 1385
47 68 1636
684 717 631
1681 1683 179
-1020 -982 1994
-1817 -1807 1813
232 266 1004
-695 -665 1356
-517 -494 111
-1986 -1966 225
1840 1844 1776
-811 -779 103
1251 1287 1498
-826 -803 752
-1305 -1278 741
1498 1515 459
-73 -57 824
930 939 1230
-66 -53 829
688 726 578
1300 1337 844
1055 1090 1507
-5 4 169
-8 25 609
424 434 1809
781 784 34
570 574 947
1366 1400 738
1920 1939 1500
-372 -344 211
-1618 -1591 834
1603 1620 271
138 160 985
-1250 -1228 1956
-1557 -1532 1819
-1809 -1806 1778
1492 1510 1150
1017 1046 1272
1345 1378 1548
-1385 -1380 486
590 597 1264
-1756 -1737 577
912 928 181
-1321 -1295 277
337 344 699
1278 1292 1147
-1262 -1242 956
-1939 -1918 772
1269 1292 1378
1243 1278 1270
-806 -778 1803
1122 1158 1691
318 356 480
-906 -869 1756
367 378 1854
1854 1856 1207
-797 -784 1420
-1502 -1473 1056
-1768 -1757 883
1753 1760 1536
479 516 1608
1060 1099 854
565 587 1397
-1541 -1507 1599
1220 1222 257
1701 1715 544
-940 -925 52
1860 1873 269
-1982 -1953 613
323 325 339
952 985 851
1101 1123 1255
1631 1654 1305
-1124 -1102 1732
1446 1467 1491
910 924 967
584 594 935
676 704 1113
1717 1749 1557
1517 1531 354
1330 1348 171
1267 1269 1895
-665 -640 1452
1765 1802 1050
-188 -181 1949
-402 -375 147
218 245 359
1066 1106 1837
1829 1857 1118
-1690 -1661 1141
1686 1714 590
1598 1604 822
-443 -423 1296
-1273 -1272 1159
-1697 -1657 127
-103 -64 801
275 303 1418
-1906 -1894 379
1438 1452 344
1463 1498 1046
-752 -729 343
-1385 -1377 324
330 353 788
179 183 1299
1143 1174 753
-1866 -1834 388
-1443 -1407 1394
-812 -788 472
1042 1067 280
627 657 1151
-201 -198 736
-311 -310 1817
1244 1276 1039
157 184 1720
-1228 -1203 947
-733 -730 496
1862 1875 1195
-1850 -1829 1458
-929 -906 1399
-69 -52 870
722 761 754
-1221 -1198 36
-694 -669 690
1368 1374 1515
145 147 1647
-1994 -1980 685
-1002 -982 251
-1629 -1621 953
-1236 -1216 1226
1310 1316 144
12 13 955
1928 1944 227
-941 -925 649
334 343 563
-1296 -1268 538
-440 -439 1284
88 90 889
1953 1978 146
343 346 468
-1177 -1161 1676
-890 -863 120
-183 -159 1975
980 996 409
-1755 -1738 151
159 198 1642
1882 1915 1995
-542 -514 1041
914 947 649
-1900 -1889 1190
-1071 -1051 1283
-267 -232 32
-1513 -1490 589
1233 1269 1024
-1856 -1847 1533
1800 1835 1941
109 111 1543
339 340 390
950 983 1418
-1542 -1531 1001
-441 -402 1874
63 81 1682
1357 1362 191
1848 1887 1278
-1052 -1045 79
1514 1549 248
-1568 -1539 943
485 523 784
-272 -260 1152
1513 1515 47
-861 -832 1915
-49 -41 354
-861 -833 1540
1765 1775 1063
-1484 -1480 1705
20 47 21
812 832 555
-1597 -1581 1291
1933 1957 1969
843 846 790
667 698 346
-886 -874 1899
-173 -159 1453
-110 -90 1990
-1498 -1492 954
1681 1713 333
936 947 88
653 669 1114
-620 -609 966
569 596 486
-1069 -1050 356
-1105 -1080 1197
-1187 -1148 1531
-1100 -1078 1399
-836 -813 1530
1037 1072 405
399 416 1290
1783 1821 671
-600 -596 381
-833 -822 1775
681 708 1663
-613 -599 1820
1197 1236 1883
1563 1582 1930
1930 1942 1044
-1913 -1912 1649
113 139 76
1109 1112 358
-1438 -1409 832
285 302 209
-1431 -1400 830
-1077 -1067 1005
-162 -127 256
29 63 1277
-143 -113 1935
-714 -693 920
1945 1947 1221
471 480 1083
-534 -505 252
270 289 67
502 540 1852
-73 -37 1089
-1094 -1074 1844
1664 1666 31
121 141 1848
-427 -389 973
110 132 666
1913 1942 266
825 860 16
766 799 1528
-228 -207 1833
-1301 -1298 66
-544 -543 1579
-439 -402 893
955 957 1868
-561 -522 1205
-1826 -1803 475
1105 1138 976
282 311 769
-170 -137 479
1071 1083 373
-1667 -1643 503
1177 1197 1651
308 347 1945
1984 2000 179
-1035 -1002 1959
-305 -295 1508
-546 -510 1127
531 545 1043
1795 1800 1547
433 456 331
638 677 1667
853 883 671
-1449 -1444 1662
465 494 1268
870 882 1854
-1823 -1805 342
-779 -768 28
1116 1132 1571
775 803 1336
-1333 -1322 1322
-987 -947 1221
1917 1950 239
-812 -792 269
1332 1347 1394
740 767 1621
1831 1843 1717
664 669 427
-515 -504 1540
1368 1405 1810
1580 1614 470
-231 -196 1573
1923 1943 1532
-529 -518 1043
-781 -771 234
-1969 -1963 856
-1294 -1258 1237
1482 1508 1825
1690 1701 690
-976 -942 1667
-260 -248 285
1823 1850 679
-286 -282 655
-56 -18 1697
-847 -826 1542
-1712 -1699 601
159 193 587
891 918 1377
990 1021 83
693 708 561
-767 -765 1045
1897 1913 769
293 299 1124
-990 -958 1117
-1321 -1297 31
1066 1091 1998
1266 1305 121
-822 -807 642
-969 -958 1823
-1818 -1814 52
62 78 1042
-1600 -1565 916
1070 1110 531
824 861 1930
1787 1803 1135
288 315 294
1886 1895 1147
-1397 -1389 512
375 379 1354
-325 -292 666
866 899 550
-528 -512 621
-133 -118 177
297 314 322
-1522 -1516 169
-99 -68 1256
35 59 1924
-835 -810 813
863 897 1451
-899 -863 154
-1116 -1109 552
606 618 989
-1420 -1401 1663
-728 -693 362
-1912 -1892 503
-590 -557 824
-1812 -1778 463
-1993 -1988 492
-1262 -1234 800
1970 1998 1683
1035 1057 1745
1568 1595 1918
-784 -769 598
-1577 -1574 716
891 895 162
-1077 -1069 1439
1363 1386 1775
-1272 -1255 1997
1628 1661 890
1573 1583 483
398 409 1023
-292 -270 85
-1687 -1651 1585
1976 1989 222
543 560 958
-622 -610 1195
1614 1623 1337
-1859 -1833 1323
89 91 1998
-31 6 1434
609 614 1404
1064 1091 622
1709 1718 732
1993 2000 531
-90 -54 920
-885 -850 1049
172 208 1820
-1337 -1327 1451
1582 1620 1947
-818 -803 1399
1634 1639 1053
-415 -397 1182
-324 -310 300
982 1002 1743
1989 1998 220
-173 -151 1774
-1236 -1234 1215
435 454 592
1768 1801 637
-1370 -1345 1024
1697 1699 862
516 548 893
-96 -63 1215
-1550 -1540 925
1654 1682 466
-1722 -1690 1162
-125 -85 1364
-1634 -1614 369
-1385 -1363 1634
-1319 -1281 1919
-666 -634 1720
-1468 -1450 703
-1833 -1810 1072
445 464 270
1601 1634 304
-1064 -1058 1146
1932 1963 989
1082 1107 672
1074 1100 1458
950 955 1331
-1594 -1560 984
-437 -400 1006
-1177 -1146 1827
-781 -741 1679
-1483 -1470 442
-1197 -1158 130
1195 1205 1575
733 754 750
178 208 1682
549 564 147
-379 -365 1013
1639 1647 1950
605 625 1525
1934 1952 1844
994 1002 1955
302 321 1423
-1810 -1773 1478
916 922 500
-317 -298 629
-103 -65 472
-681 -650 609
1266 1283 1700
1397 1418 556
169 181 331
-1727 -1711 713
683 716 44
-1552 -1536 720
-56 -42 1232
804 829 1872
716 742 677
-1551 -1515 1992
388 391 1122
-449 -411 180
-341 -316 1339
1054 1085 1064
390 406 656
1830 1865 1895
-1385 -1372 602
1515 1542 789
-1199 -1182 1117
1406 1438 831
-49 -29 593
-826 -791 1714
-382 -380 932
810 837 1199
1036 1042 1519
-1223 -1190 81
-1720 -1713 462
1017 1044 1308
-1931 -1901 41
-1763 -1737 1409
-920 -884 313
-1670 -1655 483
-1348 -1318 1664
-719 -700 377
345 354 1700
742 748 1583
1193 1199 1001
153 164 838
1604 1642 1872
-1228 -1211 656
-1700 -1696 1449
-301 -294 1154
297 299 1958
860 878 1070
-1254 -1219 791
-1012 -986 475
1259 1292 1072
1833 1862 1071
771 790 328
1995 2000 1132
272 279 1809
426 442 569
1815 1841 784
-1690 -1676 765
-76 -40 1968
-270 -230 1946
107 115 1690
1645 1664 756
1900 1917 725
1202 1234 1310
1899 1917 1582
-1902 -1875 1864
-705 -677 1495
-1842 -1809 752
-171 -152 1764
-874 -861 1429
-1239 -1238 1530
-1022 -985 1216
-1852 -1835 13
1135 1174 820
1602 1605 1411
-356 -327 1834
-1969 -1951 1190
1079 1097 230
617 648 1340
886 922 1169
-1301 -1269 496
1648 1680 960
314 345 176
-765 -759 437
663 682 250
-1926 -1919 590
852 870 1270
-594 -592 1655
468 483 1661
-1859 -1842 1598
832 843 1413
1558 1581 1045
776 784 1984
-467 -429 245
-1198 -1175 1219
8 14 161
-1124 -1111 1832
-876 -873 482
-1411 -1409 965
1425 1438 1538
1510 1515 1776
-605 -572 1571
-1480 -1475 1882
-1924 -1901 1450
1300 1338 151
449 463 207
615 633 1925
-714 -680 1074
448 476 1218
-1560 -1552 992
-1927 -1896 1399
-299 -264 89
231 239 1830
-1510 -1477 1811
920 928 114
-773 -760 24
-665 -650 550
-440 -403 1194
1244 1266 1052
-683 -673 1181
-1771 -1745 1304
-68 -39 1350
613 650 805
-1428 -1425 590
1627 1650 1663
-548 -524 1807
279 300 1305
-511 -471 1593
1671 1700 9
-118 -108 1277
-107 -93 884
-752 -735 566
-1585 -1560 1401
-765 -731 1022
-670 -644 1904
1599 1623 837
76 106 1463
1563 1599 288
385 402 1522
-1773 -1733 1020
-1588 -1579 479
-437 -401 1538
697 729 926
1984 2000 707
-808 -791 1226
1522 1547 79
494 532 1787
-1324 -1285 742
368 394 1888
-283 -258 1561
1459 1479 680
-538 -510 470
-698 -676 1133
-1043 -1041 497
1016 1023 913
-667 -658 488
1917 1942 1814
-995 -991 1482
700 708 1872
-1138 -1102 774
-1226 -1193 567
-715 -683 1741
1854 1881 1809
1155 1191 1227
1271 1295 1137
957 982 1853
177 199 396
-1251 -1244 1874
-438 -432 1701
696 703 404
-1252 -1250 1260
-480 -479 69
1894 1921 3
-1961 -1923 1281
757 765 981
-1627 -1606 1433
1989 1992 976
554 573 1327
-116 -83 325
-1861 -1829 1575
1973 1999 582
882 906 1309
1461 1468 578
-841 -836 278
-260 -228 127
-1827 -1815 1606
366 380 719
670 710 220
-272 -238 1519
-1656 -1643 198
-427 -413 651
1124 1138 488
-1114 -1079 1215
935 937 18
-1115 -1090 1325
1423 1439 1672
-1431 -1405 1737
-1725 -1716 205
148 156 106
-1087 -1078 1568
-1565 -1559 1644
1062 1063 956
1201 1216 603
-1885 -1847 338
-1407 -1394 636
1194 1214 861
-1963 -1933 638
-1855 -1824 258
394 402 738
427 437 201
1220 1252 1029
-1179 -1175 744
1087 1127 7
1448 1471 1489
-41 -19 1168
57 60 1308
671 682 1056
1605 1606 1180
1170 1196 1253
-1340 -1329 1910
1022 1028 978
1184 1191 264
-239 -199 712
237 253 1358
96 119 1350
-1073 -1060 400
428 446 731
-939 -908 1063
1498 1513 1759
-1252 -1227 554
1201 1202 1014
1825 1829 453
-1459 -1442 1452
-478 -439 153
-1204 -1196 764
234 237 1611
-9 31 429
738 760 345
435 464 348
76 88 115
1321 1348 272
-1684 -1650 852
-1887 -1858 106
1848 1849 1950
-1114 -1088 481
-1512 -1488 1917
1323 1340 495
-846 -826 1369
1860 1876 1611
-702 -682 570
-1110 -1080 132
381 389 1331
-1983 -1982 567
-1019 -987 1147
-1783 -1744 1181
446 481 1483
-942 -922 133
329 334 683
1709 1717 247
-790 -767 1972
1038 1064 1204
-674 -650 1941
375 380 474
971 998 996
1572 1594 1886
223 249 225
1942 1968 588
-1991 -1955 509
1759 1771 318
1419 1435 1068
624 631 636
-362 -322 229
15 43 339
666 667 1404
1488 1511 186
1574 1575 208
482 497 1142
1699 1720 1268
-399 -370 1517
-1129 -1103 1923
-846 -837 1667
-411 -384 1235
880 881 810
1637 1652 315
-1627 -1617 8
906 928 1617
641 646 880
224 255 105
-107 -97 886
1239 1258 76
-272 -239 676
542 553 661
-149 -111 1286
1490 1503 1663
1320 1354 1522
700 737 804
-1486 -1473 1077
319 339 751
789 821 1058
-1562 -1528 1090
-87 -55 364
1583 1623 1825
99 137 897
1797 1802 1692
-133 -132 987
-1289 -1284 1146
-1944 -1926 544
-1068 -1043 797
247 252 824
-146 -124 1551
360 362 1708
-787 -783 200
203 216 1502
482 506 1690
832 871 1045
-1994 -1986 1297
-158 -153 791
887 898 1548
493 502 810
110 139 1017
-1594 -1563 1078
-1486 -1475 35
903 915 1906
-25 6 1207
-1901 -1881 414
-512 -499 1376
1674 1695 1336
-507 -485 1280
983 1012 815
-906 -872 782
-1469 -1435 1967
345 385 1803
1610 1618 1792
-1408 -1386 1032
276 282 804
459 470 883
1600 1615 690
1185 1193 1922
1216 1239 1994
692 706 1507
-1880 -1876 1044
-1095 -1076 1796
506 527 343
-35 5 915
763 797 734
-1733 -1708 786
550 567 1738
-1561 -1556 1307
-264 -252 381
-202 -174 990
163 200 1037
1058 1091 1234
-838 -811 401
1152 1159 1480
1931 1942 1536
-396 -361 611
-1495 -1458 1568
-1461 -1426 999
65 99 168
-1630 -1601 1807
-344 -319 1390
733 738 1752
-134 -116 511
-818 -812 991
676 708 1378
-665 -652 1382
76 82 1930
-225 -200 296
-1958 -1934 58
-1575 -1573 150
225 251 471
1269 1304 1040
-147 -124 1419
-204 -199 1986
-1609 -1601 1309
-1537 -1516 147
831 849 171
401 418 777
-1209 -1193 168
-1018 -995 1701
646 684 296
-902 -868 215
495 530 611
-570 -552 1364
793 830 257
-1893 -1862 1501
594 633 140
214 241 1495
-414 -391 76
-224 -196 945
-616 -579 1512
846 864 470
-1221 -1202 635
1207 1216 1612
1368 1380 1272
100 115 520
1654 1666 1507
1171 1199 113
-131 -128 1820
1609 1641 759
229 240 441
1734 1757 1468
1797 1814 160
-968 -960 233
1415 1453 127
-573 -537 617
-1099 -1088 255
1279 1309 504
-491 -474 1970
-197 -164 1868
-731 -695 1209
1228 1257 1676
-956 -953 539
-717 -715 1951
-709 -669 210
-1487 -1481 985
1396 1410 1066
-914 -911 1899
-1117 -1095 1088
1393 1419 998
216 233 1699
-212 -204 996
-301 -282 1565
-516 -500 834
-766 -746 1360
-1787 -1747 382
-498 -460 209
-530 -511 1103
-374 -347 1934
768 784 520
564 594 1161
-441 -413 991
-518 -489 1325
837 864 121
-401 -379 1898
-555 -547 1280
-762 -751 1453
1038 1055 1883
-569 -537 921
64 75 764
610 630 12
695 723 1660
-203 -164 540
-661 -659 396
771 795 1097
-1609 -1569 179
-177 -164 1963
-462 -453 717
722 747 18
-815 -784 1620
869 891 56
-1886 -1882 977
412 435 96
994 1022 1627
605 627 1755
1699 1737 880
1733 1768 983
-1104 -1066 1074
-1490 -1461 282
-543 -506 848
1329 1330 1600
-1140 -1106 71
-1276 -1242 1203
-201 -176 1458
-106 -80 1476
115 130 972
547 574 580
1891 1895 97
-1539 -1521 767
-684 -677 350
-1109 -1100 1409
1810 1823 617
1255 1264 1674
404 417 650
751 780 1492
-1660 -1620 976
-1903 -1870 811
-1163 -1144 1257
-616 -603 838
-482 -463 171
-1691 -1685 1228
-45 -26 1668
971 984 753
-1156 -1123 1402
294 296 915
-661 -660 1793
1744 1782 1910
-1531 -1498 1837
1231 1255 1844
1759 1769 918
340 354 182
55 93 1817
497 516 637
-487 -450 65
-1168 -1156 1384
335 367 1682
-827 -822 671
574 609 1272
-507 -503 421
-423 -384 1141
-1362 -1332 1435
62 97 604
-457 -433 1043
1641 1658 1281
-1254 -1235 1854
-890 -888 1850
427 440 1228
-1268 -1239 1209
1631 1649 1114
984 1022 1071
1040 1066 174
-1015 -976 1912
1922 1943 278
-1240 -1234 408
-521 -487 1110
1956 1966 1758
-491 -470 1551
885 916 147
1711 1725 1186
1802 1841 1505
1351 1373 669
1210 1216 34
-427 -398 100
-1430 -1398 1739
-1887 -1874 1447
-1865 -1840 1439
-1451 -1415 1689
-792 -774 83
1430 1459 1308
1838 1863 1501
22 24 1864
-251 -223 197
-741 -723 1705
-1873 -1862 963
819 842 1545
-292 -253 343
-1845 -1817 1453
-873 -843 1809
229 231 1318
-852 -844 54
1917 1948 1758
1757 1792 19
-1618 -1591 1344
1844 1849 1024
-220 -187 179
291 317 1852
94 131 107
565 575 668
681 697 322
1542 1556 227
-221 -181 994
1952 1973 1324
1207 1231 1241
-1093 -1055 1979
1984 2000 615
823 836 1791
-871 -843 707
1750 1768 1514
480 481 1742
-627 -604 1711
477 515 217
98 117 914
-615 -584 1767
457 459 1781
-922 -911 1625
-1262 -1229 1981
55 58 588
-1180 -1159 227
221 260 1861
343 383 665
-1193 -1187 1127
1922 1928 166
-358 -342 212
1471 1474 791
-470 -444 1555
340 343 1485
805 827 1804
-825 -801 751
-1641 -1636 1565
1482 1490 974
-1152 -1133 221
841 869 388
590 610 1073
1301 1309 241
802 840 491
432 450 1529
-334 -300 204
535 569 1705
-1071 -1066 53
7 44 1034
-1530 -1509 509
1830 1842 979
568 587 1020
841 862 1835
193 200 1958
719 733 135
-1286 -1280 244
1713 1726 1997
45 79 1865
935 972 740
-1293 -1288 507
883 898 1345
-553 -522 403
850 883 580
-1997 -1977 108
382 387 1673
-848 -834 1075
-1814 -1809 415
-8 14 1621
1233 1239 314
-1231 -1210 726
1950 1965 1885
1670 1697 87
-56 -22 1784
1370 1401 726
-1123 -1112 1
-1722 -1688 1201
-1609 -1586 1710
-399 -378 549
-1065 -1048 373
-1829 -1795 1752
-1908 -1885 559
-395 -372 1043
851 888 12
-480 -475 561
-1436 -1428 1613
-341 -331 1574
-1759 -1757 1853
276 277 1464
1517 1523 1191
1577 1613 1354
201 211 352
1927 1961 1828
263 290 1315
1994 2000 616
1192 1212 496
1539 1558 526
-1401 -1373 64
-1628 -1592 986
1024 1041 1675
808 816 1486
-1053 -1032 1534
-1906 -1904 897
836 868 1888
-897 -873 506
506 514 1996
-1520 -1485 196
1554 1592 224
806 827 1563
-200 -167 1577
-33 -3 352
-1331 -1330 185
1578 1613 1218
1121 1144 1174
-10 -6 1779
-1319 -1311 734
-1292 -1284 1630
1317 1324 1328
1603 1624 964
-1901 -1891 1545
-779 -743 1302
579 593 289
-816 -791 418
-1170 -1162 1775
-141 -115 1089
-512 -497 1859
970 977 57
312 348 783
-1263 -1259 1272
-163 -127 333
-832 -822 1659
732 749 264
-787 -769 787
-414 -387 1893
-335 -321 534
-61 -49 205
1471 1477 1970
669 690 462
1188 1189 1527
951 979 1819
382 421 1046
978 988 1570
-733 -709 846
1039 1048 963
-1171 -1168 435
-1235 -1204 1865
66 100 791
1226 1255 1220
824 835 1356
146 165 42
-1290 -1279 1258
1180 1205 1456
315 327 571
1475 1512 1884
-515 -503 352
-47 -7 1204
-371 -335 1789
1424 1453 1195
-1828 -1814 1005
1205 1212 1563
-732 -712 1984
862 865 1619
-304 -284 374
-249 -235 852
-1701 -1697 1302
166 176 954
-1847 -1827 1644
1873 1886 86
-677 -668 1243
616 626 828
999 1017 1746
640 647 568
733 769 967
-619 -593 169
-1424 -1418 1740
-1437 -1427 281
1875 1909 1965
599 608 46
-1307 -1275 65
-553 -537 1353
-1563 -1556 1482
1385 1394 43
-1212 -1188 888
219 229 1365
-1009 -1002 557
1473 1488 1462
240 268 780
1346 1379 914
-329 -306 1796
-322 -295 1251
1569 1602 1420
925 951 622
510 525 1216
-856 -843 1446
1479 1498 165
-1661 -1654 562
-557 -518 595
1400 1433 996
1253 1285 627
-449 -439 1365
1227 1236 1244
-1123 -1120 507
561 571 58
159 199 972
790 798 1619
463 470 971
491 499 78
59 67 804
-1232 -1210 51
1778 1801 1727
1930 1968 1412
-1332 -1299 471
226 237 291
-1658 -1650 434
-867 -861 27
-177 -160 679
74 98 1017
1357 1365 643
470 505 180
-349 -318 559
727 750 173
846 877 1926
886 904 1946
356 369 1136
-1175 -1156 932
1069 1077 586
731 761 1437
-789 -774 963
-8 22 1010
1336 1353 1106
-1174 -1146 263
-511 -501 1356
-654 -646 1884
-1107 -1098 1255
1213 1245 1255
-462 -444 942
1244 1255 997
1448 1482 921
684 718 1779
1224 1249 1715
154 166 1776
-1859 -1846 301
-357 -332 1056
1261 1269 169
405 431 1100
-582 -557 313
-1405 -1365 1841
294 310 618
-832 -801 166
1272 1312 840
-105 -69 1622
1826 1855 1821
238 252 1292
-1557 -1530 601
-1096 -1077 1819
1564 1598 1836
1276 1312 505
-6 -3 1880
-1755 -1716 1354
931 933 1249
670 710 1898
850 862 1481
1911 1920 504
4 18 209
-983 -965 589
306 325 1718
-748 -740 1424
1540 1554 1643
971 979 614
583 602 255
-1140 -1132 285
1140 1141 549
938 952 1122
843 883 522
-1360 -1352 1237
235 261 226
1533 1562 1429
-1358 -1335 1131
936 955 1292
1325 1346 364
458 462 455
-1966 -1944 1689
-1281 -1245 943
-126 -114 1068
-1698 -1691 161
467 468 449
1280 1317 534
-807 -800 548
558 586 1513
1481 1499 659
-909 -907 1004
-1250 -1240 1645
-1131 -1113 467
-231 -207 1051
-837 -811 56
1074 1111 831
387 389 1254
423 430 1769
-1195 -1187 1717
-163 -154 785
-1027 -999 1066
-1903 -1878 383
-1269 -1244 130
156 169 309
-155 -120 1154
-1139 -1102 1017
-1873 -1842 1635
1915 1939 313
972 982 316
-498 -483 989
-1616 -1595 925
-531 -495 1709
526 549 506
-251 -224 240
-1479 -1466 1227
-1316 -1276 332
1008 1044 1895
-441 -429 1317
1883 1893 239
1417 1438 1116
812 827 125
-1256 -1249 1430
491 528 837
-1 32 1920
-1467 -1465 780
-1032 -1017 1275
1998 2000 1605
953 961 266
-502 -498 1404
1234 1245 1971
1579 1603 174
1884 1904 790
1361 1373 456
-1628 -1622 813
-1144 -1139 1090
1066 1090 1380
-335 -301 515
102 141 1649
-1862 -1838 1065
-544 -537 720
-647 -630 1166
-1685 -1660 1689
-821 -785 1525
-708 -695 1453
848 886 725
-1486 -1478 1895
1539 1562 156
1241 1268 945
1371 1372 1570
-280 -241 833
-821 -803 384
52 76 1065
1663 1701 1321
325 361 209
-104 -72 370
1663 1674 816
1396 1403 498
343 368 1243
1072 1077 1242
1090 1109 218
-1826 -1793 1180
-1987 -1963 1298
1569 1572 1293
1466 1500 1330
1039 1041 1522
750 790 1223
-587 -552 359
-1448 -1428 1057
1078 1118 1939
-1467 -1432 697
-1464 -1429 1832
-1709 -1704 856
1885 1911 1148
-1939 -1937 1962
1267 1284 1671
1467 1486 1891
-1119 -1094 1171
-1209 -1169 529
-1487 -1452 1196
1160 1166 1692
1302 1319 1270
-433 -429 138
459 483 793
-313 -284 429
481 503 173
-33 1 532
-59 -38 1924
597 599 1580
1292 1313 1082
242 279 146
1452 1471 1816
-879 -860 259
345 355 1921
-535 -514 20
711 725 1563
-154 -124 1481
157 186 513
-1400 -1368 211
1618 1620 1644
1880 1889 1836
-833 -809 1000
-352 -333 1970
-1695 -1683 586
-880 -875 819
177 208 1927
292 325 171
756 763 1302
-1984 -1983 521
-1451 -1421 301
1651 1681 584
-725 -713 1271
28 63 681
254 271 842
-714 -692 1874
227 266 1223
-197 -175 1986
-251 -224 830
-1367 -1361 545
1067 1088 1788
956 987 1933
-82 -61 974
886 899 616
-1349 -1326 1730
1077 1087 1714
-940 -916 1565
-272 -269 1117
80 105 153
72 94 420
-549 -544 296
1315 1320 2
1990 2000 1958
-298 -272 332
958 995 947
343 361 360
-35 -4 553
490 526 1969
1377 1391 14
912 943 536
-716 -689 1628
-305 -278 581
-62 -36 932
-791 -763 498
-899 -884 1670
885 924 913
-1979 -1954 1915
557 570 1163
-1509 -1495 1509
366 387 1438
481 493 791
-709 -678 353
1451 1478 918
-813 -787 1990
-1926 -1887 1599
1318 1353 885
-1764 -1725 1720
-1151 -1112 1848
-479 -463 265
-961 -950 122
-603 -583 299
-421 -383 646
1871 1880 948
-213 -191 1699
488 519 990
1337 1344 208
1714 1754 515
510 519 808
-277 -251 1454
429 458 1814
-844 -806 963
1019 1027 1896
1382 1422 480
-1687 -1674 347
-1187 -1147 257
1624 1639 680
457 461 1494
-331 -314 1965
-1948 -1933 559
68 71 770
766 792 1356
1702 1738 1455
1835 1850 1703
301 333 386
-178 -151 1441
1250 1267 1922
526 544 1183
34 53 300
855 869 1585
-698 -685 519
-1337 -1327 568
1168 1172 1840
1757 1761 1501
3 6 1823
-1979 -1967 593
-208 -172 1023
1218 1244 385
-1227 -1193 444
572 602 1788
-1605 -1588 943
-563 -533 1498
-457 -432 1530
909 941 1853
-1899 -1870 844
1242 1267 495
-426 -403 471
-1636 -1614 1603
88 128 1291
-376 -362 171
1888 1895 356
324 334 1614
-45 -20 742
655 656 1532
128 165 1555
-1364 -1351 1873
1899 1921 441
-1224 -1207 1706
1378 1383 1733
-1302 -1279 1485
549 586 352
930 967 862
1839 1870 1610
676 689 894
-110 -109 1968
329 367 1123
1724 1733 1259
1892 1926 1702
-1743 -1731 573
-727 -710 593
-752 -717 1789
981 994 368
586 614 578
1268 1283 1745
-932 -913 1378
582 618 356
-1690 -1651 361
914 929 1725
959 965 1072
-919 -898 123
-317 -282 1234
-794 -760 1207
502 516 192
-632 -624 1927
-1228 -1194 562
-967 -959 357
-1504 -1469 670
1210 1237 1885
-1410 -1396 1401
-462 -448 315
1920 1929 924
-347 -328 1092
-632 -614 1441
-687 -661 380
-1009 -1002 396
1204 1211 731
1125 1142 1587
1026 1028 1788
-758 -740 994
-1912 -1905 1231
-668 -649 1934
-679 -675 1461
-271 -268 658
1262 1273 1479
-545 -508 1378
-938 -926 1043
1972 1995 294
639 645 1390
1457 1469 748
1629 1664 1897
1410 1447 713
1664 1675 947
1885 1909 904
-366 -351 1464
-107 -80 529
-1893 -1857 1197
-131 -118 549
1237 1265 740
1291 1325 445
1431 1435 219
1507 1520 1732
-348 -332 1578
-1913 -1906 1466
-558 -519 489
-1595 -1569 796
1837 1846 853
-1183 -1146 68
1988 1997 1971
-816 -808 377
1454 1455 1566
1994 2000 1016
296 302 1660
-1155 -1148 1824
919 936 1481
-611 -578 1685
1794 1812 1005
-636 -629 1222
-1836 -1831 1126
-843 -806 1471
-1428 -1411 1594
215 224 131
-1797 -1789 1497
-355 -354 1685
578 597 861
-1211 -1181 1200
1840 1844 404
671 690 1114
-1774 -1762 1870
-632 -620 877
26 57 1823
1370 1406 399
972 1012 1573
580 603 1394
-1594 -1564 1915
712 727 1410
-1563 -1557 117
-347 -322 901
-1532 -1525 1812
1575 1603 1565
-466 -465 1854
-799 -795 1991
-1344 -1312 399
-958 -949 447
-813 -779 1489
664 699 684
1053 1085 1773
335 342 353
1030 1051 1796
1455 1468 1030
-341 -334 114
-709 -696 1546
-17 -1 1695
-861 -843 1436
-1088 -1068 162
1740 1777 1907
388 392 1216
633 653 1994
1027 1063 431
1627 1636 1655
-1695 -1693 28
1271 1296 449
-787 -757 1760
-146 -135 746
300 334 1792
1579 1606 325
-191 -151 398
922 928 1330
-318 -286 534
548 559 1954
747 770 494
-229 -212 1615
246 281 1254
-1304 -1287 49
-905 -893 891
-1002 -965 1911
-1730 -1723 1690
388 401 457
1526 1527 1184
-1659 -1651 714
1421 1437 743
879 886 604
1155 1178 1077
693 727 1167
1031 1070 877
455 460 949
-220 -196 473
885 894 1733
252 275 587
-37 -16 768
-882 -864 1555
-1011 -1001 1857
1759 1772 670
282 322 372
423 453 834
-38 -17 42
1204 1231 682
-1685 -1661 1286
-676 -666 1068
-1544 -1507 1468
1573 1585 1734
318 324 762
726 756 885
-1266 -1253 1978
-274 -249 1393
-235 -204 1547
1368 1385 757
-57 -29 1977
966 987 633
361 368 393
-1161 -1143 1365
-1957 -1940 74
1952 1971 1072
1101 1138 254
1399 1426 256
-1143 -1129 1765
-64 -63 1925
1301 1340 1626
-371 -364 1485
-247 -209 21
287 316 1770
1622 1640 1724
714 734 892
1708 1709 700
1184 1199 957
382 416 115
-1264 -1236 696
877 880 1253
-539 -538 197
-1826 -1807 194
1366 1386 1730
1349 1386 47
1320 1322 253
257 259 1276
-434 -407 1935
52 64 1538
-39 -28 66
908 919 791
1115 1144 1293
-866 -829 1995
-1560 -1540 874
-1560 -1527 22
1082 1091 409
1032 1063 1498
889 915 219
-622 -614 635
790 797 1322
-1452 -1435 1500
1673 1687 323
1267 1298 538
-1468 -1460 480
4 7 1926
1614 1621 286
1901 1940 507
-1923 -1922 169
-1695 -1658 136
-96 -70 599
-1614 -1588 1165
391 394 899
538 576 677
1219 1226 1640
-1439 -1433 1969
-936 -905 1274
964 987 1054
199 219 204
-1976 -1941 837
-767 -748 1926
-1927 -1925 1396
748 750 743
1841 1850 1709
838 839 1596
1608 1617 1531
491 526 1090
-593 -558 1495
936 946 1662
-774 -754 1353
1086 1103 328
-1490 -1482 1063
153 177 823
402 415 1063
-812 -805 1694
321 342 741
1414 1418 1555
-560 -547 1002
1800 1835 1300
1234 1238 1704
-745 -719 567
-186 -166 992
1326 1340 189
954 957 83
-1072 -1048 890
-1899 -1870 536
1905 1913 826
716 720 499
-1672 -1665 489
548 553 1600
-1575 -1574 1361
362 389 1999
478 479 668
-1787 -1757 1011
-962 -958 1032
1697 1735 140
-166 -129 1979
-1858 -1819 261
1263 1281 1694
430 453 750
-1573 -1535 96
893 922 1588
975 997 1873
-1299 -1278 190
-460 -455 1603
1727 1738 1931
1022 1032 374
1431 1435 1252
1847 1883 515
-1170 -1139 657
1598 1610 771
-238 -223 494
-1801 -1770 366
-1382 -1357 525
546 576 338
-57 -19 1565
-1187 -1186 247
4 38 436
81 103 1981
-1418 -1398 410
-648 -623 969
-1421 -1414 1278
-678 -665 124
-124 -123 1827
1289 1298 897
167 177 440
-602 -572 922
-1872 -1865 866
-1706 -1686 515
246 267 440
1413 1430 851
376 397 1373
-1742 -1707 77
-1138 -1122 466
688 715 739
-736 -696 1076
-447 -436 1375
1448 1449 1299
1181 1197 1285
-523 -507 1851
-1997 -1978 451
482 508 1457
279 301 1550
1824 1833 1935
-1621 -1618 1712
924 940 1263
-196 -165 380
1609 1623 62
23 40 462
803 810 689
1805 1830 1192
1005 1018 418
-446 -421 380
-224 -202 1626
-1393 -1354 1212
-1264 -1230 172
-12 -3 1188
-349 -342 1790
1523 1557 1125
1591 1611 908
1476 1506 448
1180 1190 807
1010 1034 1495
-476 -464 1116
-1080 -1072 1692
1994 2000 1960
1836 1856 1436
-183 -162 567
470 499 939
-1941 -1920 478
1323 1335 636
-1471 -1432 1951
1736 1776 1256
750 761 472
670 671 412
