2000 6000
787 790 123
-868 -831 1302
-584 -577 907
1586 1590 73
11 42 1508
317 354 1871
-1011 -1000 547
654 674 40
-439 -413 777
1003 1030 350
748 778 27
1750 1766 949
-1327 -1307 438
241 260 486
89 126 1523
1895 1911 267
1030 1047 905
1941 1966 807
-340 -325 462
270 271 688
-1546 -1525 367
-1631 -1620 1083
-1901 -1876 675
-1813 -1786 609
1859 1892 973
224 243 74
260 297 1
1845 1857 1523
-1923 -1910 484
-891 -855 1505
-691 -686 1593
-1223 -1185 1737
555 558 6
1268 1278 1162
-1219 -1215 518
-1004 -990 4
1957 1996 1965
1349 1388 1222
1642 1654 7
-1041 -1040 191
-465 -428 1859
-1058 -1026 1212
-1084 -1066 1154
-1676 -1640 225
-456 -428 1856
75 112 1371
-1610 -1576 380
-1049 -1034 560
138 152 1039
-1289 -1255 433
-636 -623 1081
1605 1625 1229
166 197 1462
-167 -138 1837
-1045 -1033 149
-1775 -1745 1316
-1765 -1725 1194
-1635 -1619 931
799 811 1463
220 236 1376
-77 -68 776
-587 -557 502
339 370 295
83 105 965
222 235 1814
-597 -595 40
1005 1008 440
-864 -862 224
705 709 1928
-1384 -1359 495
-642 -628 508
1166 1172 1142
512 544 218
-907 -888 1477
503 524 1451
303 332 661
147 186 441
-1504 -1500 1556
-1630 -1619 1072
-523 -504 1070
1934 1955 1512
707 725 758
1406 1421 808
-1779 -1750 1519
-50 -48 1069
104 139 1919
-551 -533 1320
1849 1861 116
1561 1562 360
-1052 -1023 1845
-1829 -1816 499
22 52 1357
765 793 124
-1405 -1397 1616
-1751 -1724 797
-161 -152 509
1802 1819 1216
-1600 -1565 289
-926 -909 1559
1304 1344 465
365 401 1059
-316 -304 10
791 816 90
-1535 -1498 1199
1062 1080 1922
1680 1708 656
-1930 -1920 487
455 460 984
809 824 1297
-1251 -1214 1876
791 805 1396
-856 -846 258
-1505 -1499 387
-1063 -1024 1983
-509 -507 659
-1116 -1096 1251
1822 1861 1221
-977 -946 995
-1276 -1269 1982
-66 -34 603
-164 -124 12
135 144 602
-1778 -1774 789
-996 -979 1304
548 586 1383
954 977 115
244 246 1165
1984 2000 1789
283 309 1097
-278 -240 801
-1958 -1953 33
-1533 -1515 1155
-1859 -1841 669
-1934 -1932 1127
1215 1227 1476
1013 1018 675
-1016 -1002 1386
276 290 488
1997 2000 1585
157 183 1715
1863 1900 416
1666 1671 1608
1339 1362 211
1057 1078 1312
-602 -596 955
-825 -788 1328
1065 1095 435
-1660 -1649 152
-745 -715 1331
396 428 362
542 554 680
352 379 448
1134 1164 1475
-627 -618 664
785 820 1459
-653 -632 1445
-1415 -1383 580
361 390 7
1623 1659 804
-1970 -1968 1305
1662 1669 1452
1018 1050 1199
-791 -766 346
-820 -806 1885
-143 -142 310
-1899 -1872 589
1747 1773 891
739 764 823
615 643 1864
-1293 -1264 1056
1640 1662 706
1213 1243 819
-1071 -1031 1206
1928 1930 1101
1304 1336 1158
687 719 1319
1939 1958 1189
1399 1435 1937
-852 -850 1460
594 608 340
-1968 -1952 281
-1488 -1463 1965
942 980 1793
1396 1401 1356
1199 1227 1448
1081 1102 490
-53 -36 994
493 499 342
1006 1016 1141
-1518 -1499 1823
-1720 -1687 813
-1621 -1608 1708
883 899 357
-1689 -1666 615
910 946 991
-1889 -1857 888
-1598 -1580 337
-777 -751 1466
-1772 -1753 1197
650 666 180
1053 1090 297
-1974 -1957 99
-1891 -1858 1206
-296 -276 877
-813 -780 1310
891 929 1015
1649 1684 837
-1944 -1925 1900
840 871 1625
1499 1510 1681
1193 1226 987
-1471 -1469 1339
13 34 1788
-1080 -1058 404
1432 1438 1493
-82 -44 1693
-139 -133 1139
-1496 -1461 1628
-1502 -1475 1475
1796 1816 1183
-1279 -1258 927
-837 -817 1393
-801 -772 133
1452 1489 1100
-76 -48 803
-1849 -1812 1694
1237 1252 253
1203 1213 730
-1777 -1747 631
-1325 -1286 1026
967 987 1455
1040 1056 1035
1697 1736 377
538 546 271
-1000 -975 1404
1188 1212 47
-5 21 696
-179 -164 430
-608 -586 1144
1289 1306 1621
774 805 1925
1223 1249 1146
-1515 -1513 1624
-1197 -1163 993
1551 1576 1282
1300 1332 570
-146 -106 997
1945 1966 1455
793 801 1703
-1104 -1100 719
-1938 -1900 530
-1625 -1598 1390
-197 -159 254
288 323 1500
-1060 -1051 1413
-1056 -1018 316
937 961 1030
499 534 1419
370 390 1493
-1744 -1732 165
462 492 428
-986 -953 1183
1547 1548 997
1538 1553 150
-619 -588 157
507 521 503
1129 1141 989
-1526 -1524 153
530 545 1533
844 846 59
1074 1103 516
-1755 -1718 30
684 719 471
1803 1830 334
1493 1507 877
-293 -273 241
-1914 -1913 1848
24 57 1549
-1635 -1597 889
-598 -594 50
-1525 -1496 483
1725 1744 1624
707 742 89
1025 1043 1544
-875 -854 976
174 213 1307
1596 1625 672
-877 -866 891
-1539 -1525 424
1268 1288 965
1960 1986 1750
150 177 1845
-19 15 378
1191 1223 791
-1508 -1486 1374
1578 1579 297
1465 1498 748
-1612 -1598 1472
91 129 1944
1217 1238 990
-950 -921 1138
870 871 1138
-818 -803 553
-165 -133 1479
1214 1233 26
1874 1908 339
1380 1403 1962
1531 1542 1591
-1947 -1923 1129
1741 1770 317
-96 -70 265
-52 -14 755
-1590 -1558 1106
-1097 -1091 1094
819 855 605
-1735 -1734 1571
-132 -124 1633
-894 -858 1990
247 277 691
-1423 -1404 889
66 85 249
338 366 509
1121 1129 205
1676 1701 1449
408 448 1289
-379 -367 1699
1804 1816 1641
1448 1459 1039
1138 1146 589
1950 1963 1214
-1555 -1522 1486
1221 1245 1851
1447 1468 802
-453 -451 168
1569 1579 264
88 111 1734
1855 1881 789
1773 1813 1681
-1985 -1950 364
-723 -687 716
-1831 -1824 170
-152 -124 1744
470 489 808
-1232 -1230 1731
-1552 -1516 595
-292 -278 202
679 684 280
1812 1840 132
-1037 -1018 145
-598 -585 1896
104 115 1003
-1671 -1632 1950
1614 1652 1572
103 114 1924
-214 -176 1920
-1257 -1225 734
1349 1371 1442
-347 -337 1068
-1009 -990 29
1407 1419 503
-868 -832 1412
1736 1758 739
476 502 105
1928 1938 1934
1718 1750 1839
-288 -249 727
-1570 -1557 1838
-1629 -1601 782
-1941 -1934 1453
1594 1610 1419
-1811 -1783 913
-1701 -1671 100
-1643 -1611 243
-857 -829 1642
-507 -474 1322
234 255 1745
1349 1385 803
-373 -361 1823
-29 -4 3
-135 -132 1175
-834 -797 53
1990 1992 586
132 141 822
-26 -23 579
1564 1575 1130
-1931 -1911 642
-1444 -1437 1758
763 802 421
367 396 178
-1205 -1191 680
-1430 -1416 1998
289 313 1328
1206 1230 1023
-1799 -1769 1687
396 404 1253
1935 1946 1294
-1442 -1411 1896
-386 -346 1957
135 145 467
-1000 -980 677
1899 1921 61
1949 1983 719
424 455 1077
1669 1687 304
-224 -222 578
1634 1649 56
1128 1154 116
-581 -562 537
95 111 444
-316 -278 355
1258 1261 1812
-604 -579 140
-732 -711 1232
-1235 -1202 1235
-1037 -999 1445
1232 1269 1898
1917 1930 3
-1832 -1827 995
-975 -939 1228
-254 -232 48
-1908 -1891 304
1311 1333 1696
-1590 -1577 1117
1790 1798 949
1428 1439 963
32 38 172
68 101 1083
11 30 175
1975 1994 795
-1586 -1549 1600
-1027 -1017 1589
-1489 -1483 1391
1897 1905 391
-813 -794 807
589 603 144
1662 1696 399
-675 -666 1625
1667 1688 374
-1459 -1437 918
550 554 564
-1989 -1972 785
-1304 -1288 193
433 467 1888
-1751 -1720 163
-372 -366 919
-1915 -1910 460
1257 1294 700
1672 1684 1451
-195 -170 1477
-279 -268 1940
-1454 -1431 441
-1461 -1424 317
-1682 -1662 506
383 396 68
17 32 348
1599 1609 506
-1695 -1662 1063
-1335 -1304 651
1861 1869 1595
-69 -67 300
-1338 -1319 1938
191 219 1714
1246 1280 1930
1649 1671 182
446 479 737
-949 -916 391
-788 -783 389
202 240 1790
-1418 -1394 1285
1014 1029 1145
-880 -871 715
709 733 1159
-1876 -1863 1738
-555 -539 1237
471 505 182
-1929 -1922 215
-1619 -1618 1075
562 572 819
-1312 -1283 1435
-670 -668 252
1369 1380 276
-1886 -1863 30
1788 1789 1166
-1480 -1469 1463
296 300 1456
1555 1580 991
-898 -882 1233
1515 1538 1207
-1277 -1249 1963
346 376 923
1212 1228 1018
-1006 -967 1180
779 794 305
-1700 -1697 1577
-1705 -1682 587
210 249 1386
-1704 -1677 407
-1378 -1348 856
1099 1119 1102
-1780 -1745 433
1811 1822 1787
471 490 678
1022 1033 685
-133 -127 1907
-932 -892 1046
-843 -804 1728
1173 1203 1536
1354 1368 1811
-854 -845 579
-83 -49 1200
-1732 -1711 1667
1098 1131 1767
-1290 -1260 1581
1054 1079 1451
1326 1356 52
-193 -158 954
-661 -630 1818
1120 1124 987
587 596 1504
-1818 -1812 1055
-832 -796 1054
699 728 1341
1066 1097 774
-398 -361 1568
1049 1071 1944
-457 -447 118
136 143 1273
1512 1520 1494
1218 1229 544
-1481 -1443 1018
1697 1727 1086
-1795 -1765 1056
548 574 142
-929 -898 56
-1051 -1049 558
1196 1207 202
-1646 -1642 174
-1717 -1688 662
-1732 -1721 1257
828 843 1088
-634 -628 268
-1602 -1576 535
653 659 853
1065 1101 1392
14 20 1740
-1678 -1639 1349
479 498 1286
1003 1036 158
328 359 1113
1603 1610 1838
1533 1568 1993
-1667 -1665 779
-17 1 692
-1177 -1152 1754
1864 1888 1573
1610 1640 1742
-1735 -1716 553
263 292 32
1494 1505 1871
-1796 -1793 1108
-630 -629 1746
130 131 378
47 52 449
-1406 -1393 1176
-1637 -1617 1819
943 955 59
884 922 1304
60 83 946
1610 1626 246
-887 -848 43
-1577 -1548 1337
-1208 -1198 1714
-830 -826 1734
877 881 252
11 25 1466
1263 1295 1525
1285 1316 766
-1559 -1556 1134
1194 1197 1863
-1587 -1584 460
-949 -937 1332
-596 -569 704
-1495 -1490 1491
-1702 -1696 1122
1214 1251 1214
-868 -831 1931
-574 -568 667
692 701 754
268 272 511
-1910 -1882 1681
-1512 -1478 1022
653 666 472
93 117 1344
-976 -956 230
1550 1566 1569
1994 2000 1488
-1643 -1603 1564
1644 1654 299
-245 -236 1828
839 853 976
318 336 351
-1362 -1330 401
703 707 1786
-715 -700 1038
56 83 1586
816 843 116
-1908 -1885 1729
-390 -362 1114
371 390 1862
1472 1480 760
-137 -117 1064
22 40 816
1274 1298 1430
-1608 -1603 1067
1237 1262 1475
-1778 -1764 1000
-1128 -1124 508
-1883 -1865 126
102 104 1677
-1234 -1209 938
1762 1771 972
1668 1692 1467
-1099 -1072 1794
-1042 -1026 11
485 515 1549
-1655 -1628 259
913 922 1248
158 181 794
-797 -793 195
-1733 -1700 591
-1786 -1769 312
-246 -238 652
-1194 -1174 975
-829 -820 30
-1909 -1899 1550
-363 -348 524
-2 28 1824
68 74 1228
860 869 268
401 438 1161
-1368 -1344 164
-256 -233 740
577 614 1551
-215 -207 1617
-1303 -1268 256
425 440 546
-1664 -1662 747
-504 -490 1132
-1205 -1193 910
412 436 1591
-232 -213 1407
1791 1804 1578
1517 1522 443
501 523 1389
96 129 1241
459 465 1434
-1631 -1614 1982
900 904 1854
1357 1385 1523
-1167 -1146 1876
-1565 -1535 1281
-1586 -1580 107
813 814 1428
2000 2000 113
1361 1395 1182
-393 -390 1944
342 368 636
289 308 1107
1319 1348 684
-1603 -1580 1922
-1812 -1772 838
1376 1401 1404
-941 -938 959
1559 1578 692
-278 -269 1756
5 19 1859
1574 1595 742
489 511 1264
-1568 -1554 1024
-1275 -1271 673
-1362 -1337 290
-1553 -1516 1500
-293 -255 1640
-107 -102 428
653 691 1901
-1493 -1485 1998
-48 -46 132
-881 -848 206
-909 -900 1738
1084 1085 898
-858 -827 26
1015 1050 1355
1455 1462 1850
-1248 -1222 1965
1458 1462 447
1385 1424 693
-1541 -1529 1542
-1025 -1010 1593
-1691 -1660 1253
-1080 -1061 895
-1034 -1003 1365
1533 1568 950
-956 -924 1371
837 877 1019
-1515 -1509 1551
517 545 42
-649 -636 313
214 233 917
-814 -804 1137
-686 -681 825
1464 1470 1597
1550 1589 1932
767 783 957
-974 -964 1917
1945 1954 666
14 42 5
-1558 -1539 658
1999 2000 908
-1582 -1576 1899
-878 -877 1951
-1710 -1677 971
222 224 1229
1005 1009 1128
41 73 1151
486 509 1734
149 179 964
-1073 -1069 1158
1635 1638 1121
346 357 1447
-1615 -1605 1791
-1251 -1213 1502
631 669 141
-968 -963 1453
-1699 -1659 450
-977 -972 613
-204 -187 1227
1930 1953 830
445 453 143
834 861 506
-483 -470 209
1859 1875 1204
-1603 -1569 1791
75 115 1533
927 959 1225
973 979 1924
-732 -695 977
704 710 231
-1179 -1148 348
196 233 1987
-1181 -1170 222
1471 1491 1889
428 448 412
-1884 -1871 1730
616 640 908
-1875 -1858 1322
193 225 890
-1464 -1446 1908
1041 1044 1482
1710 1735 772
1149 1184 1566
-1497 -1469 1387
196 210 648
1004 1032 1065
-547 -514 694
-1490 -1456 916
473 505 907
-1796 -1765 1469
-659 -626 1275
287 303 672
-1047 -1037 929
679 719 1559
-796 -791 1843
-1752 -1720 378
-829 -797 292
-79 -42 1844
-99 -60 671
-262 -246 1671
-217 -191 505
-1872 -1856 35
-244 -239 486
-1270 -1247 820
-834 -814 459
-761 -721 141
1579 1582 24
-1526 -1516 788
830 869 765
-1409 -1382 95
-1710 -1670 986
-1738 -1707 1588
-1204 -1199 335
1653 1683 782
1114 1128 1261
944 961 1073
1786 1810 1752
-340 -334 687
967 984 853
1336 1343 1272
1269 1297 1237
214 238 1564
52 87 363
734 768 1360
1114 1152 1193
-1812 -1801 858
-1712 -1697 1456
-25 11 9
-374 -348 1900
567 582 84
-990 -988 943
1931 1954 1950
118 157 1528
-1785 -1781 1834
203 206 1935
-1183 -1169 291
809 815 413
791 795 1826
-49 -32 1272
-228 -209 359
533 563 96
946 965 1866
452 487 714
-1791 -1767 1049
-245 -227 424
449 460 1481
620 628 1016
-830 -800 1020
1713 1739 1287
-1120 -1091 362
431 469 77
-1115 -1080 41
-756 -740 756
-258 -243 1865
1328 1364 1663
-1827 -1790 1031
-91 -70 1884
-1737 -1736 1756
1405 1437 341
-1818 -1787 1526
1600 1639 421
735 769 1175
-1314 -1305 1858
589 591 269
-1931 -1918 1834
-734 -719 1610
-944 -906 246
582 599 528
-733 -710 1216
1190 1207 1318
-809 -793 168
311 334 795
1846 1868 387
-1557 -1556 437
1952 1980 1114
1406 1422 1356
1778 1791 928
1431 1446 755
957 989 639
628 639 682
-1464 -1459 136
-242 -219 1416
1986 2000 1782
-1282 -1251 1831
-562 -527 828
-1715 -1698 1756
-171 -157 1847
701 708 1917
1643 1683 388
1018 1033 177
-1414 -1378 1220
1919 1931 1312
-731 -697 804
1302 1308 1473
1589 1592 989
1249 1257 1972
-1771 -1734 653
-1884 -1873 1646
-1257 -1248 1311
1497 1519 1648
-75 -37 587
-539 -528 837
-1784 -1776 1069
1557 1586 31
-989 -958 1923
712 721 1203
1 6 220
-228 -191 78
1001 1027 452
-213 -204 82
237 244 945
621 629 14
472 505 1648
-1114 -1083 482
-223 -218 871
1994 2000 1562
-1456 -1447 1578
970 982 1088
1206 1226 1415
1610 1639 657
583 600 1123
1857 1880 1311
1597 1634 736
-682 -652 146
1260 1282 1000
1326 1366 639
1423 1451 1384
947 984 659
-635 -628 1106
485 523 1948
-79 -73 1856
1488 1522 1859
820 837 1968
-678 -677 126
1424 1428 1159
-777 -737 1086
18 25 1703
1831 1864 500
101 134 277
1586 1622 1515
234 273 1193
1407 1432 1678
-721 -693 1271
-1288 -1271 1349
1479 1519 107
-1586 -1571 1961
-1969 -1942 175
-505 -483 933
1465 1469 64
-522 -489 1521
1197 1233 672
681 683 1602
1902 1941 1013
866 870 1815
225 244 212
1213 1252 1952
1735 1770 837
-1137 -1100 1439
873 885 883
-1525 -1489 1196
1441 1463 1444
-1837 -1809 443
-1494 -1481 518
-77 -48 844
1960 1977 641
-765 -738 217
664 699 221
-1959 -1946 526
-1979 -1956 1297
-341 -338 720
-1743 -1703 1131
-591 -575 124
-267 -244 1543
1342 1373 240
1120 1123 67
-1241 -1214 1688
141 149 1306
711 738 837
-909 -878 1883
-1923 -1885 828
1563 1595 454
-1534 -1521 109
1950 1958 799
1122 1157 1403
582 593 143
1710 1747 408
-129 -95 1721
-410 -408 1798
-1464 -1447 1588
-1622 -1596 1854
857 885 1756
694 706 783
627 647 623
690 713 750
1727 1743 1782
-1550 -1510 470
-682 -677 1413
223 249 899
1885 1925 583
1553 1593 1629
1628 1636 147
1118 1122 865
310 331 1221
276 315 1660
1060 1071 493
1944 1973 448
1195 1209 1733
-926 -894 5
1511 1518 1030
-1470 -1431 397
854 865 1463
40 63 128
370 374 1689
264 297 780
871 901 1597
-285 -281 405
592 623 1600
1966 1980 1824
1001 1040 855
-1653 -1641 1940
306 344 720
-1002 -973 1430
433 450 1577
1918 1952 1485
-158 -129 1613
1317 1326 631
-826 -798 506
-1050 -1035 4
-838 -799 622
763 794 1317
1032 1062 76
-407 -393 1153
1707 1716 717
-47 -42 656
-1360 -1359 702
-603 -595 612
624 636 1880
-889 -863 1062
1906 1924 1372
-1073 -1057 1860
629 631 1340
-1672 -1638 610
1179 1218 1893
1271 1291 1021
1384 1388 753
-1554 -1524 727
-1462 -1432 1283
719 752 395
139 159 1127
-1111 -1088 26
-1007 -973 957
-1574 -1545 1762
1224 1242 251
378 414 658
-725 -692 1517
466 483 1468
-1626 -1597 1974
-263 -254 407
1993 2000 1902
656 658 1779
1952 1954 571
20 56 314
153 175 832
-1547 -1514 1753
-1095 -1081 154
-1060 -1046 1057
-1169 -1152 666
-1099 -1067 1456
-1811 -1784 1416
-994 -960 919
-168 -155 1829
-1748 -1730 91
1972 2000 233
1300 1316 740
1177 1204 743
-705 -680 298
1395 1401 1736
-688 -660 1522
1405 1409 1261
-74 -42 1600
-919 -914 732
0 6 23
-1411 -1401 1267
589 595 1382
-1098 -1097 1073
1553 1564 975
-990 -979 116
892 911 454
-1835 -1830 1116
1304 1340 1498
-1660 -1629 1524
517 542 1938
-1320 -1302 159
59 83 127
-1798 -1794 447
-1181 -1145 1269
-725 -713 387
1251 1267 1892
147 184 500
-411 -378 841
-371 -357 932
66 81 1584
-315 -305 1314
-289 -270 651
-527 -494 712
74 78 836
-1547 -1516 671
-1317 -1278 1506
1790 1823 1938
-1364 -1326 1102
416 425 1349
1946 1966 7
1557 1572 831
-1610 -1599 1937
-1842 -1822 327
1332 1365 1510
1565 1602 1792
-1321 -1303 644
-942 -921 188
1034 1042 240
573 603 979
-687 -674 1537
693 731 624
1725 1730 343
-1556 -1537 26
-1390 -1355 388
-158 -139 1158
238 264 971
-1697 -1679 112
-1649 -1623 1505
-1587 -1559 439
-421 -404 1814
205 236 715
495 511 1936
772 788 1457
1202 1205 1481
390 400 665
1719 1720 1741
-394 -377 580
455 490 697
-1785 -1784 713
-1672 -1649 1233
261 281 1811
372 407 1757
566 596 892
953 964 1350
1737 1754 350
642 663 997
-620 -602 1825
-504 -474 1548
560 589 1945
-1114 -1105 1999
1789 1804 527
436 439 1540
-429 -416 729
1639 1661 610
-721 -690 400
1710 1739 543
-1399 -1378 1557
-1369 -1338 28
1274 1297 1280
-1767 -1740 548
1868 1870 1503
-1135 -1102 186
687 707 372
714 720 669
885 913 1889
-274 -249 786
-193 -175 1537
-415 -414 1756
-681 -655 1896
202 203 115
-1374 -1353 940
-1948 -1932 1811
1201 1222 1973
-1150 -1149 70
-1465 -1463 109
-1457 -1450 1514
-1462 -1460 20
-1369 -1345 928
-107 -98 1118
682 710 1531
-1028 -1017 165
1110 1113 1055
118 133 392
425 453 1730
-718 -688 1532
1611 1631 649
324 340 1281
76 83 714
142 158 838
-781 -766 1502
-1677 -1659 667
-1547 -1509 1066
-103 -91 1551
-789 -786 827
1475 1499 677
278 285 1225
450 478 939
-88 -67 1232
-167 -138 288
153 190 1348
200 232 321
-1707 -1669 1504
844 857 1404
-444 -420 976
-1332 -1303 628
-1749 -1728 248
-72 -40 1126
-1437 -1435 1326
776 795 1495
-355 -318 1997
-268 -236 420
825 838 1593
-755 -744 1557
-577 -551 132
-1041 -1034 1438
916 938 318
-758 -746 1527
1231 1260 1739
-1926 -1894 254
-1697 -1664 1513
114 116 1464
1953 1962 1291
1441 1462 1286
1154 1192 1940
1275 1276 822
-1449 -1429 410
-1461 -1428 601
-1249 -1248 1642
305 325 57
104 136 141
-716 -705 1743
1409 1416 560
-1966 -1960 836
1659 1671 1039
1668 1706 1112
1570 1603 610
-1131 -1129 1809
982 983 629
392 411 370
1119 1134 687
-1903 -1869 531
-1146 -1127 319
1985 2000 1810
-1258 -1225 316
277 284 875
-727 -689 1703
1586 1590 966
-1403 -1367 514
-970 -941 860
812 832 1486
1197 1203 603
971 993 1969
582 590 113
-803 -768 1922
1239 1279 894
396 407 468
-1096 -1077 1978
1824 1830 541
565 603 1451
232 246 39
1516 1536 903
170 191 1052
116 133 1032
1735 1775 607
1755 1783 953
380 401 375
-17 11 1149
1266 1275 1064
786 814 1427
902 940 1862
-1156 -1140 1171
843 880 925
-1885 -1862 1698
1220 1254 1291
-602 -593 1720
-1603 -1566 95
-847 -846 1571
130 132 1171
-357 -322 1489
212 226 1225
-1223 -1219 31
261 290 1010
101 125 643
-616 -595 1099
-462 -446 1813
1268 1269 1229
-95 -94 571
-1305 -1265 1937
-870 -833 741
-225 -215 1266
-579 -550 336
90 127 704
931 967 1550
1929 1969 456
-647 -639 1053
-521 -513 195
185 218 1436
1855 1875 1001
1522 1524 1734
1364 1382 1891
1106 1120 1245
-910 -904 1631
-1598 -1576 1918
-632 -625 1319
-380 -355 592
615 653 178
258 291 201
-194 -161 1875
636 647 1066
-1528 -1511 1052
1065 1073 1127
-1710 -1707 209
-1981 -1948 658
-1080 -1063 1633
-1349 -1315 922
-397 -390 822
567 607 404
-191 -170 282
267 278 437
932 943 333
815 840 18
-481 -463 277
-1626 -1616 1908
-1730 -1727 668
324 338 690
-1690 -1661 1270
1476 1478 237
-1927 -1887 354
-1520 -1519 1769
-1993 -1954 1595
-5 33 1388
-456 -436 37
-213 -174 1257
1065 1067 1563
701 729 396
1547 1565 287
621 657 972
1306 1313 852
1644 1673 1181
669 687 710
445 455 1889
-456 -419 740
-1833 -1793 1719
-498 -484 1227
300 325 586
-743 -708 1573
983 1009 1099
926 966 1727
-1670 -1657 629
1595 1602 1287
-36 -32 579
236 241 1831
-804 -767 675
1278 1309 137
-1952 -1913 1707
-1996 -1982 999
1265 1273 1313
511 534 1288
-473 -453 1006
-1795 -1758 995
-62 -35 1330
-644 -637 960
1323 1328 76
-687 -657 1575
370 382 789
397 400 632
1241 1251 577
-839 -815 912
-283 -250 251
-1142 -1106 136
-1732 -1706 1314
-1022 -987 718
289 317 1005
1206 1207 1261
-787 -749 1010
943 974 369
-398 -373 1569
-1506 -1498 1956
405 437 1550
1338 1348 1701
-1124 -1112 572
-972 -936 1208
1533 1563 865
580 597 248
1652 1662 387
-1553 -1515 1821
-167 -131 1769
692 723 1711
-791 -765 1551
1482 1491 702
78 111 370
620 648 165
1945 1981 1335
1106 1139 1308
534 559 135
-1545 -1523 130
413 452 235
-1428 -1399 743
-888 -870 1886
-930 -897 1470
-1491 -1478 1307
572 612 1640
1324 1333 1480
348 357 1962
-164 -141 1314
-485 -447 1324
923 926 1089
1578 1592 798
956 980 1423
-632 -600 788
-793 -772 505
-1874 -1852 1165
927 963 27
1088 1115 1840
187 201 183
-1229 -1196 1282
1748 1756 300
-398 -368 612
-1887 -1849 319
-1262 -1240 651
-977 -966 948
48 66 1378
-765 -748 324
-732 -707 790
1416 1446 1348
1581 1616 1974
-1136 -1123 1453
-457 -439 693
-1101 -1073 828
1969 1992 1817
128 153 551
-791 -761 1577
-393 -366 1784
86 121 625
-874 -866 1973
1433 1458 1136
-542 -532 590
527 546 924
804 838 380
-1656 -1638 1238
-1515 -1505 600
-779 -764 1490
-343 -328 1482
-842 -803 1960
1708 1745 1641
1950 1978 410
517 551 1309
1859 1895 323
349 352 1806
464 493 1512
-984 -967 1640
-1104 -1092 966
-1288 -1282 21
-203 -163 1538
-1908 -1868 668
31 60 1166
1583 1585 1956
981 1004 1621
-714 -703 494
228 241 1954
50 77 141
1358 1381 1477
-827 -789 1777
497 523 1813
1666 1674 1115
704 735 1631
498 516 910
1471 1492 1320
164 198 1842
-337 -308 195
-343 -326 598
1974 2000 1672
1582 1585 141
-1962 -1953 310
1778 1793 1460
-1637 -1634 1972
1741 1748 124
1883 1922 275
1120 1152 1888
-160 -144 373
-1684 -1672 642
-182 -179 1554
-113 -110 505
-776 -736 1137
-1939 -1913 1581
1729 1753 1113
1522 1524 265
1964 1990 1994
929 955 14
662 693 82
-1148 -1110 1516
-767 -764 1410
-532 -506 318
396 416 851
-1699 -1681 309
221 250 1364
1899 1925 518
-798 -775 228
264 290 729
906 918 1412
-47 -9 263
1324 1356 1176
879 898 608
684 688 1085
-241 -205 259
-584 -569 694
1542 1581 1360
-1861 -1823 1578
989 994 1699
1422 1441 885
-261 -223 604
-144 -111 247
1330 1354 747
-665 -647 827
991 1006 55
881 906 223
-1845 -1811 1410
-611 -586 1672
827 846 497
-418 -384 1868
1799 1829 1785
-1632 -1605 966
1977 2000 186
-1515 -1491 1264
125 157 550
-1736 -1735 1439
896 898 1025
-957 -955 791
-1517 -1498 1667
-2 0 332
860 900 1640
-1641 -1625 48
-556 -532 1706
1134 1137 1845
-1400 -1384 461
-1348 -1336 1684
1416 1445 973
655 673 1484
215 229 870
410 419 1360
-388 -371 365
1730 1766 866
550 556 1357
-1033 -1009 915
-559 -531 766
-36 -14 982
-105 -88 563
-1654 -1620 181
-1610 -1583 1531
-1504 -1490 1499
-1879 -1852 1634
-1600 -1562 123
483 521 1500
247 260 311
-1802 -1784 1009
-345 -313 1095
-1887 -1859 891
-1266 -1246 41
-741 -728 982
-1972 -1946 1583
39 47 1296
1210 1222 37
-1934 -1900 552
234 269 1000
-1359 -1354 399
1101 1137 1585
-515 -485 1924
-941 -917 337
1774 1801 779
-139 -138 287
-284 -252 1788
901 913 323
1766 1770 54
-916 -911 1893
-535 -518 498
-1037 -1031 1368
-1074 -1059 1434
-617 -602 388
-218 -216 890
1918 1919 281
343 362 1772
1372 1389 148
-775 -747 810
1894 1915 95
-1187 -1168 741
1557 1583 1808
-59 -32 800
1068 1077 690
239 257 223
1006 1015 502
445 463 1622
1094 1130 35
290 316 29
1889 1913 1630
-175 -142 1279
265 297 38
-52 -30 396
499 509 173
998 1015 1003
-1951 -1935 1477
847 848 1747
-1132 -1095 281
-1021 -993 708
1806 1815 716
53 87 667
-1674 -1657 1562
-670 -654 624
1037 1053 1686
-1026 -1010 334
210 231 1438
885 886 340
1830 1845 1058
-459 -428 110
-756 -755 584
-492 -486 1638
356 393 957
-573 -560 1931
-688 -675 367
1960 1970 1108
385 424 402
-1351 -1342 1232
-1827 -1803 1077
-411 -394 846
730 745 1619
-508 -498 1062
409 425 813
-833 -804 829
1962 1986 1492
167 188 609
-836 -828 1504
182 209 1727
-1127 -1122 1522
1627 1631 802
-1154 -1144 162
814 852 954
959 983 69
1539 1540 581
-1144 -1112 457
-1554 -1541 1085
1509 1538 756
1972 1998 637
-537 -511 1152
-1281 -1269 124
93 128 238
1652 1690 900
-1110 -1102 528
-525 -508 1902
1585 1595 637
-1339 -1315 1598
35 61 1559
-1449 -1416 609
-365 -339 1769
1398 1404 1822
1709 1747 1291
-903 -873 625
-1283 -1260 723
-1373 -1340 85
1630 1642 459
-1230 -1223 480
-735 -733 1528
455 475 324
200 201 1435
-1016 -987 1709
-440 -403 798
1404 1407 1064
-1632 -1628 1979
-82 -47 1216
426 429 1290
0 13 1923
584 597 163
150 151 1718
910 914 1151
-1994 -1982 753
1195 1229 470
945 970 1962
1176 1188 1539
1078 1116 1456
-284 -269 333
-1653 -1650 692
-287 -268 1510
-1527 -1522 252
1846 1855 361
138 159 29
1499 1522 920
932 938 536
1952 1979 1952
1309 1329 1553
735 768 1770
-670 -640 1316
-1878 -1871 442
1898 1934 1786
-931 -914 1095
525 545 947
1929 1949 1190
337 352 579
1254 1294 377
776 808 1289
297 300 1103
344 376 187
457 493 903
-1706 -1675 1430
-191 -174 1148
1260 1298 1379
-1636 -1599 668
-420 -394 1474
-959 -928 997
541 551 1582
1131 1162 573
1275 1302 835
435 460 1269
721 760 1214
470 486 1001
1887 1904 232
-410 -395 394
-893 -861 387
803 834 1883
1345 1356 669
-471 -453 501
584 599 1087
913 937 387
-75 -72 352
121 158 479
-171 -137 1645
-1288 -1286 365
1753 1758 99
479 490 225
346 368 1800
849 862 1752
-1660 -1656 107
721 749 563
-339 -299 1094
-1168 -1167 1345
-1790 -1770 1248
1587 1618 1030
1934 1970 891
-604 -590 368
-52 -21 596
1406 1420 1655
-1174 -1144 1293
1206 1208 1634
137 159 675
238 243 1770
450 472 175
-1563 -1557 1977
574 582 1292
149 153 1303
-1881 -1854 204
1268 1303 764
542 554 1505
-1183 -1158 1840
-376 -337 1800
-1421 -1408 815
448 476 1887
-470 -452 515
1761 1777 130
1524 1528 1167
1793 1832 1571
-855 -845 1712
1489 1528 1155
-1019 -985 319
572 581 951
-1807 -1787 1934
-1144 -1142 585
-15 17 1558
55 83 1595
-980 -955 688
-1110 -1084 502
1271 1295 358
1425 1433 1617
1954 1957 713
323 361 451
1906 1932 1155
460 476 1853
1019 1040 954
1321 1337 61
-484 -470 1302
-999 -989 1901
-317 -310 17
848 866 703
-1776 -1774 555
618 630 1059
124 131 1629
-457 -427 550
169 174 1337
-1851 -1833 1175
-1527 -1508 1570
459 485 1913
-1908 -1869 655
-1567 -1553 153
-199 -198 541
-990 -976 57
-270 -233 1463
821 860 1522
-1306 -1283 332
-902 -888 192
483 505 133
1224 1242 1031
-1535 -1523 1490
944 967 1711
-515 -489 688
1226 1257 823
1763 1776 850
161 172 921
97 129 999
-1583 -1582 979
1559 1596 210
-57 -53 60
-203 -188 1220
-705 -688 1236
-466 -446 1432
965 985 1981
-1590 -1577 1004
-1315 -1293 1458
613 622 1875
1390 1428 478
-1489 -1484 871
-1289 -1266 1909
-236 -208 245
631 641 767
1864 1899 838
-519 -516 118
1686 1703 595
42 47 937
-1059 -1048 1017
-1502 -1490 1119
480 503 468
-1634 -1628 477
-1550 -1546 812
-156 -133 577
1362 1390 306
-32 -29 797
439 476 680
-1420 -1403 1949
622 638 850
135 162 124
-1754 -1744 1088
-874 -863 1052
-877 -863 1467
1648 1655 1691
-638 -611 1315
103 115 465
-1535 -1516 1516
-723 -718 1983
-1044 -1014 1303
1664 1687 685
-1276 -1258 1985
1836 1862 1083
-1913 -1877 1387
-305 -288 1951
-522 -516 519
447 450 1984
738 768 1370
-1917 -1898 798
-565 -526 697
82 112 413
-1795 -1794 453
1340 1376 1495
1373 1394 1977
-1406 -1394 1257
-1674 -1670 1891
1712 1726 1724
694 697 547
1330 1365 1264
151 169 132
1880 1889 86
1255 1284 1913
-142 -119 1006
723 727 545
-288 -279 1899
627 650 1681
-233 -211 967
406 429 245
361 390 1632
-1393 -1382 962
529 556 1898
715 749 401
-1491 -1486 786
-1693 -1658 1158
159 163 1144
19 20 1576
-870 -837 1512
-1856 -1851 249
612 651 358
1413 1426 1022
-1292 -1278 4
614 641 643
-445 -409 993
1572 1603 1076
1624 1636 1242
-1984 -1958 950
1420 1442 221
-1580 -1576 576
40 66 1993
-1834 -1818 927
-1736 -1723 1575
582 583 1875
1165 1200 1974
-1371 -1352 505
-177 -173 1726
-1280 -1257 586
-763 -755 1875
1949 1967 509
-1316 -1300 1893
1344 1367 1712
-1040 -1007 1380
-579 -551 458
-316 -296 1416
-819 -797 469
-889 -872 808
1321 1359 1210
1535 1560 35
385 413 1394
-705 -670 1092
243 257 162
951 983 126
-1015 -975 1222
46 80 1041
-1132 -1118 1839
-883 -849 1309
850 851 1519
-1778 -1776 1204
1526 1551 1606
863 879 905
1249 1264 943
696 715 282
849 884 358
910 930 136
1683 1709 525
1611 1650 82
1507 1539 31
846 853 1992
345 372 47
299 333 258
-540 -524 1726
-633 -619 943
-184 -155 1888
-713 -698 778
-781 -754 757
280 311 109
-1591 -1555 1607
-693 -678 1932
1762 1781 1178
1498 1519 934
-1281 -1248 1521
-1129 -1111 1181
-1760 -1727 1947
1271 1286 60
1501 1502 1407
342 369 1053
-172 -148 699
1973 1980 1648
173 182 633
1035 1056 1353
-765 -735 1454
-1168 -1132 218
63 76 371
1029 1045 575
1221 1249 488
594 621 1971
1470 1503 624
-1106 -1096 1371
-1006 -975 1118
-1065 -1051 1462
-256 -223 907
1407 1426 346
-1745 -1727 1711
292 324 890
932 960 159
-1969 -1967 55
-1719 -1716 1329
1231 1265 1069
1438 1462 1509
-1068 -1053 638
-1335 -1319 1177
-40 -23 1856
844 852 1997
998 1031 113
-1121 -1096 319
910 937 213
146 148 155
-1595 -1587 1239
1308 1346 307
-1172 -1138 1918
474 486 1558
-1661 -1622 410
530 548 1113
1077 1091 1515
1439 1446 931
-1374 -1342 730
767 768 817
1258 1297 2
1998 2000 876
-386 -359 1362
1194 1198 92
-1457 -1444 75
57 91 1954
-1012 -998 563
-1984 -1973 100
-1448 -1419 974
-37 3 1544
608 616 1508
-377 -337 443
-457 -422 1193
422 423 757
126 133 1164
1982 1996 1324
1057 1085 544
603 633 1341
-1197 -1182 1596
-894 -880 1281
1708 1735 99
-1851 -1848 936
-1273 -1255 279
-1596 -1593 482
211 245 1187
707 713 1910
-1295 -1284 1686
14 19 1903
1430 1452 364
881 919 736
1386 1400 895
932 938 1762
-98 -64 635
147 177 203
-1592 -1590 124
865 894 1576
-1336 -1328 1386
1545 1559 1893
996 1003 1321
1481 1486 287
-44 -39 1859
1196 1225 1701
-1368 -1332 1279
1391 1408 1846
736 747 1664
1621 1628 1455
-1923 -1884 1211
-472 -447 548
-1203 -1182 1931
-980 -970 1211
-1063 -1058 1949
-725 -697 1908
-39 -25 378
-678 -651 1191
1968 2000 269
1545 1556 215
739 749 1902
-1459 -1442 1151
-1797 -1780 426
-313 -312 1191
-1809 -1799 1577
1312 1352 156
1830 1846 1420
-1996 -1987 463
-568 -550 907
1631 1637 1831
1182 1196 1600
1012 1041 1362
863 866 277
-685 -669 251
-1587 -1556 1556
-922 -916 1371
1108 1132 855
1352 1377 412
1290 1314 503
326 348 240
1532 1572 191
1021 1033 164
631 654 354
-316 -298 267
1866 1877 16
-1769 -1747 1635
1256 1292 1795
1105 1121 72
-1359 -1357 634
-470 -456 292
838 865 581
-124 -97 477
725 727 527
486 499 1333
-643 -621 137
-354 -344 833
111 141 433
272 293 1773
-1292 -1275 1429
1841 1847 1686
-1625 -1594 1016
-675 -637 535
-258 -254 1197
-1033 -1000 265
-1922 -1900 314
-1568 -1534 1998
-878 -866 840
-1230 -1208 1819
-375 -350 1955
1635 1664 1664
1285 1304 914
938 964 1192
-1322 -1283 816
-213 -185 1037
1539 1545 474
-1143 -1117 443
-1876 -1871 1549
-1762 -1736 1358
178 184 1520
-1369 -1351 1278
1008 1033 1521
1751 1779 227
-531 -514 1485
-37 1 1351
-605 -568 475
1029 1038 724
-1580 -1568 521
1384 1421 1730
1872 1882 1380
-1806 -1783 474
-1041 -1001 164
1978 1979 1548
-355 -343 505
1085 1088 612
1752 1789 1070
433 459 887
47 58 1251
-538 -509 990
1984 1993 184
546 549 667
-807 -786 1866
-1614 -1612 1222
-151 -129 519
368 405 428
-1360 -1344 412
-1330 -1328 236
-1337 -1304 892
-1441 -1402 697
-588 -586 1727
-713 -696 1753
-1814 -1805 134
-771 -751 1296
1280 1300 1895
-1083 -1065 33
1314 1341 1246
-871 -851 1897
-59 -35 835
-512 -494 1714
-1979 -1951 1310
796 829 801
-793 -763 1568
1310 1336 1784
1881 1882 1438
632 643 1625
-94 -76 1728
-1714 -1694 1976
1125 1142 244
512 532 334
1950 1982 1329
1412 1438 1595
1097 1133 1660
378 411 379
1685 1693 322
-1086 -1073 609
-1711 -1671 119
1170 1202 1191
-903 -883 739
31 64 988
884 894 871
795 822 1186
-214 -206 1141
-820 -798 138
1538 1577 630
-57 -29 1795
-908 -868 713
540 572 66
-1486 -1476 8
-267 -262 1127
1119 1129 453
348 377 1443
-808 -785 886
-919 -896 1241
859 869 716
-778 -759 1143
-860 -854 1338
-108 -93 1758
-1728 -1705 115
56 63 1402
1187 1208 413
1632 1643 1631
1646 1655 453
-1316 -1305 1480
670 683 1025
-344 -314 655
116 128 1927
349 370 86
-781 -752 1335
-1956 -1934 1728
-392 -352 1919
-838 -811 982
-1634 -1628 124
627 667 542
-761 -760 312
313 342 389
1895 1911 242
-338 -323 94
979 981 911
894 895 76
527 533 308
389 412 1532
-1971 -1958 275
-1469 -1440 62
-1218 -1195 1786
1730 1745 288
1845 1876 1666
-1992 -1963 264
-1546 -1506 507
-1269 -1255 629
-1620 -1604 1308
-138 -133 718
-719 -680 959
1296 1320 1798
-1826 -1818 815
378 402 1309
1655 1693 925
-836 -805 967
1090 1109 571
386 406 895
-931 -920 700
-215 -177 831
-811 -785 1077
908 942 1475
981 995 1528
-1103 -1090 93
610 640 622
-124 -108 1307
-479 -458 1514
-788 -772 1758
-589 -571 1559
-71 -43 894
1831 1849 1848
-1195 -1185 1949
24 57 431
1057 1060 491
-466 -444 897
-226 -220 38
385 397 1474
-1544 -1519 838
87 91 1212
1580 1615 1819
764 782 912
651 663 1391
203 227 1267
-460 -444 185
-1454 -1421 1483
-146 -124 609
680 709 1752
587 611 120
-1690 -1652 1645
1906 1926 112
-713 -691 830
463 494 1082
1008 1013 1836
-1020 -1004 1920
405 436 841
-56 -30 133
-555 -542 744
-713 -690 1180
-1156 -1134 571
1706 1711 1224
-807 -800 331
-1738 -1708 338
897 912 1724
-1527 -1518 1000
290 328 46
-964 -955 530
1964 2000 808
-1350 -1344 1970
1638 1639 211
-473 -469 328
-592 -558 452
1305 1318 126
1383 1402 376
1831 1847 684
-373 -343 1552
1995 1998 122
738 772 940
607 645 267
1845 1878 332
-1074 -1073 742
1433 1445 556
-1116 -1078 1363
-555 -517 549
234 271 889
458 494 187
1376 1384 1132
-141 -131 127
-608 -596 234
1374 1383 1617
422 443 1089
1577 1591 1497
286 296 1187
-996 -985 63
-1026 -1004 1855
-301 -297 1665
647 661 349
-598 -590 1959
-335 -297 482
-796 -761 1453
1232 1245 1592
-138 -110 168
-932 -924 271
-9 -2 711
1815 1841 947
-1368 -1342 781
1832 1845 115
268 289 1170
-418 -398 794
22 31 682
351 391 958
236 248 1009
1947 1958 1728
-915 -902 166
-707 -689 1549
-77 -44 1165
1766 1770 612
1666 1684 560
1390 1420 272
1910 1926 1360
1370 1405 670
-1363 -1326 497
266 267 805
857 891 1798
1886 1887 798
-615 -602 357
-1162 -1161 1094
-13 5 1303
-188 -184 1116
-176 -162 634
-1943 -1930 57
-1897 -1889 1759
-916 -899 903
-1008 -968 942
-1614 -1593 718
-478 -452 430
-1242 -1241 196
-1460 -1443 393
-1037 -1007 1192
471 485 1386
-1892 -1876 1648
-1281 -1252 1470
-1741 -1735 246
1980 2000 1975
-982 -955 124
-1721 -1720 545
-712 -679 1046
-1838 -1811 378
854 857 184
879 895 1699
-485 -483 109
-1039 -999 98
-2 29 1235
846 877 513
-735 -715 477
353 390 888
1564 1565 140
-1607 -1590 1534
-1478 -1441 1026
-30 -11 510
367 402 1736
1256 1283 1073
-1217 -1187 1795
-181 -163 1309
202 227 1831
752 772 1142
-1711 -1690 1835
1422 1431 114
-1365 -1362 72
-1388 -1355 138
-1201 -1191 104
-37 -8 1883
1338 1348 1635
-1892 -1888 36
-1036 -1035 700
-8 21 1289
1415 1417 784
-689 -666 1646
-176 -168 1746
1678 1710 968
1375 1390 1997
35 44 135
1460 1487 1547
-1160 -1135 1418
1859 1866 12
400 435 280
-1070 -1041 1380
1744 1765 740
1607 1627 1995
486 515 1729
-1788 -1764 571
-1098 -1096 1017
1581 1601 1725
-1110 -1103 219
-1546 -1529 1164
382 400 1195
-1502 -1500 118
553 572 1050
1952 1989 1042
1977 1990 742
-1474 -1439 133
1898 1925 793
738 767 1911
1995 2000 445
-276 -267 1275
-1413 -1407 616
-1874 -1843 280
1585 1625 1868
-1721 -1688 109
1706 1719 1764
-223 -184 1264
156 171 1017
845 857 301
1648 1654 1403
-1206 -1190 1274
-1268 -1254 1660
1436 1458 1824
-1234 -1214 1662
-1228 -1190 1416
14 35 203
1930 1951 406
-901 -888 1478
-1020 -990 523
1809 1835 1647
234 237 1162
155 169 1754
-1638 -1612 1408
1728 1736 41
-1781 -1777 888
-1933 -1930 1933
-1746 -1723 921
509 511 112
-1369 -1350 1844
-1561 -1539 223
1225 1250 242
-1214 -1200 1645
364 381 1955
237 239 1092
-1453 -1436 255
-1765 -1759 752
1083 1111 1979
402 436 43
1532 1539 1429
-522 -521 1685
1662 1665 857
-1464 -1453 1833
318 329 1748
1143 1153 496
531 563 368
-914 -907 573
520 538 704
919 927 592
-636 -631 1469
-1983 -1975 1066
-1871 -1861 684
-1923 -1915 284
-1205 -1180 1921
-321 -305 708
-557 -537 1233
1637 1644 1814
1685 1698 1468
593 630 1395
1350 1378 1658
934 950 1570
1904 1940 588
-1899 -1860 425
-1182 -1155 885
1722 1730 1576
-1413 -1391 1083
1710 1712 1482
1346 1358 1376
942 958 25
1745 1769 1210
714 751 1356
-984 -966 1139
-325 -314 754
-75 -44 1364
-281 -258 444
-180 -172 757
308 342 673
706 722 111
-496 -472 427
1037 1056 1085
1133 1137 1609
1291 1330 1012
-1832 -1812 264
9 35 1019
889 924 1577
627 629 953
-1981 -1970 932
1779 1817 394
293 324 415
1411 1430 519
1776 1779 188
-1267 -1265 437
1513 1534 1839
-1175 -1171 1080
69 86 81
-1710 -1678 1057
-1268 -1228 1619
-1233 -1215 565
-957 -924 165
1465 1502 682
-320 -307 370
1107 1145 1756
55 61 968
-862 -855 1393
-785 -747 979
-1520 -1481 1316
-1992 -1973 1688
118 123 1197
-453 -450 1219
-712 -711 1639
-451 -446 893
-1538 -1513 905
-1578 -1552 47
-1645 -1615 162
-1838 -1799 1803
1143 1155 534
608 633 1035
1434 1462 710
-813 -775 736
191 226 512
-397 -380 951
294 298 797
585 622 1190
1036 1063 1621
582 595 1865
927 954 1791
415 440 699
1175 1188 754
-1212 -1210 1250
-921 -893 1286
211 232 820
1882 1898 1789
1208 1243 365
515 521 1472
223 234 962
755 783 467
362 398 1287
1275 1280 1954
1267 1289 708
1093 1126 843
1603 1612 1985
1783 1812 911
-972 -953 1174
1650 1656 710
-1529 -1509 1065
-419 -385 1853
1230 1239 1403
789 791 929
-791 -761 469
878 903 494
1688 1708 1277
1895 1896 173
1068 1103 629
1322 1346 313
-1318 -1298 1425
1346 1356 546
1141 1176 1726
-1333 -1318 854
-1984 -1973 263
1751 1776 1315
1817 1822 837
1209 1241 1109
119 144 1951
-1686 -1661 678
-1857 -1832 1789
-406 -398 1204
-1101 -1082 1420
-1379 -1368 1847
482 509 1439
-1362 -1343 725
-1514 -1491 721
-326 -322 1270
-1547 -1521 1007
-1992 -1971 1083
-1171 -1140 390
974 1011 821
1523 1561 356
-1669 -1651 933
-647 -628 1297
-661 -659 1586
1742 1755 1180
141 165 1841
-264 -230 664
-942 -938 1655
1667 1697 741
-648 -636 225
1465 1504 1643
-975 -956 1826
1524 1538 598
1775 1801 1196
-61 -35 399
62 90 1693
-906 -873 1444
-1893 -1858 849
-1302 -1288 452
1030 1040 502
-868 -863 328
-1922 -1887 1860
-641 -639 321
-1532 -1520 1682
465 498 512
1028 1054 1657
656 671 758
-247 -240 1156
1496 1497 1665
1819 1823 676
-1041 -1040 456
1851 1857 1682
-1096 -1059 233
-1799 -1783 484
-1223 -1190 7
1582 1617 1433
1332 1339 1987
-1414 -1391 528
-1570 -1538 1630
752 776 1138
-947 -938 359
-902 -897 107
286 320 1369
962 1001 1523
53 78 1064
-34 -28 51
-1094 -1077 1189
-117 -110 1448
1678 1698 1968
741 760 1917
-1331 -1302 1806
1612 1638 552
-1287 -1267 1043
-1146 -1112 50
726 749 1852
-33 -8 616
980 990 1565
1013 1027 1768
885 895 670
526 532 980
-1083 -1058 1290
1073 1078 884
-1726 -1725 267
-755 -726 1533
-1300 -1296 44
253 270 1204
1103 1139 319
941 946 764
-1784 -1756 991
-726 -714 1652
-1429 -1401 1169
560 590 1684
1971 1974 1802
1683 1686 346
-1254 -1226 851
-1282 -1260 924
-1879 -1868 1247
829 831 1604
-900 -864 215
302 325 1627
-105 -94 1349
1971 1974 837
1745 1772 523
-467 -455 588
-618 -587 973
1420 1452 1495
310 320 1456
206 243 1895
-1 15 632
1490 1529 854
1316 1349 1346
489 507 1750
1027 1041 1010
1632 1656 1422
-268 -255 1495
-256 -233 1485
-1023 -988 11
-739 -716 758
-449 -444 1263
29 41 1513
-404 -372 1066
396 417 1191
-1048 -1037 89
1660 1677 1058
954 982 1347
-1408 -1397 632
-474 -466 46
-1714 -1699 321
1001 1031 386
1303 1312 475
-1566 -1564 1291
1511 1522 965
-432 -407 591
1787 1825 1666
-580 -554 1878
-924 -888 654
230 251 157
45 67 1427
1370 1396 964
-1331 -1306 677
863 864 123
-804 -774 187
780 789 1634
604 627 1927
256 268 1899
-1351 -1330 790
-1562 -1553 811
-354 -322 127
371 387 952
148 164 103
658 668 846
-1399 -1367 1364
-1303 -1278 42
-1201 -1170 894
1994 2000 1660
591 605 1881
-1669 -1634 313
1941 1969 1721
-23 -1 1960
-1385 -1375 1236
-347 -327 278
1758 1789 1580
1666 1673 981
1071 1075 1140
1441 1445 1390
1820 1849 1970
-1222 -1186 1118
1322 1341 1988
1230 1243 347
-1576 -1546 1822
1146 1168 890
-1042 -1036 1569
1821 1827 727
-1054 -1039 767
-317 -308 149
-1678 -1650 1586
-717 -689 792
-1917 -1887 940
1375 1406 539
-1764 -1748 872
-506 -493 1866
1822 1862 1652
-463 -433 1995
-1154 -1148 1943
-1416 -1413 1528
447 457 1643
-451 -426 1946
1045 1067 700
-950 -917 1115
-865 -853 319
-298 -284 1103
-311 -308 1947
746 770 1998
580 620 1919
-946 -911 175
109 120 743
-57 -20 1881
-250 -227 1594
-1473 -1447 436
-1477 -1443 191
-1220 -1181 1829
-1684 -1648 593
1370 1408 1198
1388 1414 76
1604 1639 759
-536 -520 930
-749 -722 1109
-1911 -1895 1363
1315 1330 1266
-808 -797 1
361 363 935
-1835 -1796 1236
382 395 1580
914 918 117
903 913 586
489 499 1257
1719 1742 409
-1370 -1347 1460
335 354 756
488 495 437
352 386 301
375 391 1747
137 140 1824
-1210 -1200 1960
-1187 -1185 988
-788 -783 672
1284 1288 197
1613 1614 585
1065 1097 876
163 188 1660
-1404 -1402 224
1326 1347 1915
-1083 -1066 362
-198 -179 1839
-320 -288 834
-784 -778 219
-846 -820 1732
-622 -605 753
883 910 90
-787 -766 145
-621 -603 1849
-1615 -1602 1219
-598 -559 1737
-1027 -1026 722
813 838 477
-350 -348 859
1080 1107 1438
-859 -850 900
-1243 -1221 505
-1191 -1182 925
-1460 -1434 200
1765 1769 790
302 315 1428
-817 -794 458
-1421 -1409 1708
-1638 -1616 515
-1606 -1602 1018
183 203 319
868 905 1248
1110 1119 173
1409 1424 1279
954 957 1066
1553 1591 404
645 665 1332
-1858 -1852 1936
-1951 -1922 1548
-67 -31 513
1917 1920 1464
-1662 -1654 559
444 483 556
-910 -904 1532
-1539 -1501 1790
-1208 -1182 1331
-44 -14 1782
1686 1723 608
713 718 793
1337 1354 1610
432 451 1941
-1647 -1627 926
327 329 842
1381 1391 1485
611 648 69
1649 1661 711
-1410 -1372 1173
-930 -905 495
-1554 -1531 1384
887 925 778
1232 1264 1657
-1505 -1496 669
1053 1085 508
-335 -308 1292
1179 1198 1779
1891 1921 1234
-1731 -1723 586
353 376 629
-704 -692 1013
1587 1627 719
-574 -539 191
-1365 -1359 1819
-780 -751 1493
1297 1336 1684
138 176 1774
-1191 -1157 1951
1872 1892 208
-556 -546 656
-802 -768 1041
1958 1959 208
-1772 -1766 1895
33 71 918
1041 1053 1593
-824 -812 1411
474 488 1553
943 967 1875
-1538 -1510 1204
1467 1478 1009
171 202 527
1393 1417 1294
145 178 254
-1918 -1897 800
-1792 -1787 599
-338 -316 6
1335 1350 443
973 976 1244
-341 -312 807
641 681 1239
-1859 -1847 293
-1469 -1446 522
-327 -316 362
-676 -671 1665
-1141 -1131 869
-349 -331 497
-707 -693 1155
-1829 -1817 1434
-1721 -1697 1603
-237 -216 288
504 542 855
208 227 664
-115 -110 1441
1018 1046 218
1916 1932 870
-1958 -1922 340
-37 -14 1427
-138 -133 1629
95 102 823
-1686 -1658 1633
871 908 1905
903 936 1871
116 119 1043
-340 -303 64
-271 -231 1419
879 891 960
-251 -213 1320
-32 -16 872
1529 1535 238
-1053 -1049 584
-208 -170 1517
581 604 1486
-821 -799 290
983 1021 1193
1042 1073 840
-1871 -1863 264
-745 -738 150
1774 1788 408
1527 1541 587
986 991 200
202 209 744
-1944 -1935 1075
-786 -785 1522
-939 -930 813
-1116 -1103 1748
1636 1641 1181
-274 -259 237
674 713 627
-196 -156 264
-847 -817 114
263 291 1196
-428 -389 1515
1084 1091 1644
346 384 1107
-429 -423 405
-1524 -1500 1382
-1663 -1656 1358
1505 1507 268
-844 -825 1485
1072 1077 457
-1451 -1429 777
-1994 -1965 593
758 793 38
1745 1772 984
-821 -791 1306
-655 -630 1624
680 687 152
-1909 -1894 791
1304 1344 1758
733 768 1614
-1740 -1705 905
776 810 856
672 677 1368
-793 -772 1361
-505 -494 1851
-1538 -1529 422
-1542 -1541 1755
-1092 -1088 481
-138 -137 200
1275 1308 1788
125 127 1497
1316 1326 537
1495 1533 1799
-215 -182 328
1936 1941 448
-1960 -1935 247
-1681 -1670 240
-990 -975 932
-998 -964 1729
685 716 1039
-1123 -1103 353
353 356 72
-1389 -1358 1014
-714 -709 95
-225 -186 834
-1442 -1417 1242
1951 1965 970
-1598 -1582 71
1166 1204 1365
1270 1306 1042
1804 1805 728
-1342 -1328 1229
1791 1808 1753
1312 1344 1639
531 548 1692
-1962 -1935 517
1908 1934 1836
1869 1897 1306
757 792 269
1002 1031 1902
-872 -856 339
-420 -411 722
-410 -372 1330
-95 -87 709
47 60 585
887 913 776
1760 1778 616
-1045 -1005 246
-712 -683 1183
1924 1947 1238
-1911 -1900 959
-883 -870 1963
-718 -701 1362
1799 1814 1028
1225 1258 343
-300 -296 520
1688 1708 1898
661 678 1898
-398 -360 1257
-787 -775 908
-1155 -1119 1744
-1371 -1344 700
-1143 -1108 625
702 723 407
1315 1344 14
102 125 245
402 410 1418
-1800 -1782 531
667 706 493
1467 1487 775
-1372 -1341 1690
1345 1375 810
-1973 -1938 369
427 433 1135
-1877 -1837 371
794 805 1295
-1980 -1944 1761
1535 1574 87
-1202 -1188 1468
1637 1641 222
469 485 1035
815 825 566
1228 1265 1462
-1988 -1960 965
77 91 1347
-1081 -1044 189
983 995 1562
-1137 -1126 1437
-182 -149 750
1396 1404 1835
1231 1256 407
-65 -58 845
428 429 1382
1517 1544 1340
-1296 -1282 1949
-1162 -1128 556
-1449 -1424 954
-642 -613 812
-620 -604 1050
1778 1779 1392
1886 1894 827
-1386 -1358 1040
122 142 342
-435 -398 1899
-1138 -1123 1853
-1125 -1117 772
-980 -941 1756
1615 1630 514
-613 -586 282
-119 -85 856
-1335 -1306 1086
334 337 1888
586 589 30
-1140 -1136 1334
-1093 -1060 1200
-1307 -1276 1818
674 685 400
-573 -547 1096
-804 -780 569
888 915 367
91 102 862
601 603 1383
109 144 1471
-321 -291 615
-1945 -1940 641
-1940 -1937 451
1851 1872 1174
903 911 844
886 903 673
179 190 1122
-1647 -1613 257
901 940 1838
521 531 452
54 88 1459
-554 -525 1180
1475 1502 177
-330 -303 532
701 738 92
-1682 -1642 859
521 552 1084
-1045 -1017 1022
-358 -344 1074
1358 1391 989
-1421 -1399 141
1192 1195 862
-1826 -1812 316
608 637 1668
1731 1748 1056
854 885 1496
-1432 -1402 1756
584 591 1375
1151 1190 1409
-1431 -1409 392
-968 -932 1224
1216 1227 1328
1078 1081 1538
1068 1103 243
-1558 -1548 1540
849 859 1141
-857 -845 576
-343 -333 1517
-1671 -1647 1745
-1596 -1595 679
584 585 1175
1380 1390 651
1246 1270 527
-272 -238 1292
1375 1404 1643
-1158 -1155 798
-214 -175 1034
75 108 1892
1320 1333 302
934 938 1054
888 905 447
-1345 -1315 541
1034 1050 1017
-1908 -1882 1485
681 688 1475
1322 1357 1174
279 288 1701
-852 -814 648
203 208 1035
-769 -744 354
928 953 43
-1918 -1878 1963
-550 -524 3
746 749 1757
-31 -29 1499
1579 1604 1816
1137 1146 1939
-1199 -1191 610
-179 -170 515
1353 1383 393
-1829 -1822 1283
-1244 -1217 1039
3 38 1153
-1493 -1482 898
-1616 -1582 1755
1781 1790 435
566 587 559
-1850 -1810 881
767 783 943
-648 -647 1162
748 774 1626
1583 1619 1110
1062 1102 833
1591 1599 1306
369 394 946
-308 -275 1305
-716 -697 749
283 323 1497
604 642 169
-1769 -1748 507
-1210 -1202 869
-972 -965 1670
-1692 -1691 1794
-1656 -1629 458
-1216 -1202 336
-1861 -1828 1631
-487 -477 116
1270 1305 1309
1021 1024 642
-585 -573 1068
1575 1588 733
1128 1152 695
870 892 597
-1382 -1356 1449
1697 1724 1548
863 886 1164
-932 -898 441
-1599 -1568 1423
-375 -372 598
1984 1995 1546
506 517 236
-1058 -1029 162
1405 1430 1137
397 424 56
-1560 -1539 1349
-433 -393 104
1333 1349 593
-1135 -1129 728
1747 1787 958
-26 -4 1411
-1541 -1503 267
-1515 -1509 1586
685 692 1386
-44 -11 1177
-1387 -1367 20
-1269 -1261 669
-886 -873 1506
-1567 -1530 569
-1306 -1296 21
-202 -193 593
327 344 59
1406 1423 256
-256 -226 665
446 478 899
52 82 984
-1473 -1448 1486
802 840 1993
1910 1934 1160
-127 -125 1592
-1366 -1328 1625
-655 -624 865
-865 -844 1818
1921 1923 559
-735 -712 1574
-271 -270 1023
1368 1369 243
774 805 1062
588 614 847
510 522 879
1108 1124 460
-1887 -1856 1405
-1635 -1634 1591
-136 -100 1357
-1742 -1703 1369
-113 -89 1492
1665 1678 31
1206 1219 651
541 556 1421
-1721 -1690 1028
760 779 672
1255 1263 198
216 228 389
401 403 1152
-1007 -978 1298
-106 -66 192
1490 1517 780
-888 -862 1583
1576 1602 1167
421 427 1761
-872 -846 202
742 752 1315
-1790 -1770 791
-996 -959 242
-1928 -1914 473
-1255 -1233 474
-333 -304 1846
1057 1079 1044
237 275 1985
1409 1414 318
1622 1633 823
-1099 -1093 1054
-1991 -1980 1315
85 104 656
737 745 1837
1998 2000 1501
-1239 -1202 1611
216 227 1576
1928 1959 29
1503 1506 313
-1716 -1698 207
-930 -920 1799
715 734 710
1199 1225 874
542 576 605
-877 -874 49
-1082 -1080 1046
531 532 1053
0 28 474
-1932 -1910 577
1936 1966 203
-123 -93 1617
-829 -790 776
218 240 808
-38 -20 283
-1028 -1024 584
-455 -454 1734
653 658 577
-967 -931 548
-734 -725 980
-1734 -1721 395
457 464 1287
1618 1621 1474
165 177 1886
-1520 -1517 1011
-1647 -1645 1875
1910 1923 1811
-32 2 1950
-1813 -1773 56
-233 -217 127
-772 -736 1395
-358 -328 1102
133 164 960
-1368 -1367 1962
381 401 586
-839 -818 626
515 536 466
-599 -564 1916
1201 1209 1035
-363 -328 1478
999 1019 471
-1934 -1896 190
36 51 1471
1193 1204 889
-1787 -1760 539
-754 -731 139
567 606 385
-1811 -1778 1772
-865 -830 573
-1778 -1740 1637
1522 1530 62
1627 1632 1090
-1577 -1556 180
-1377 -1354 1546
1242 1253 1568
-1343 -1309 1461
-489 -454 1175
110 138 1061
-720 -711 736
-465 -444 875
-931 -898 1022
-494 -488 1932
1743 1747 1428
-1938 -1932 1998
-1708 -1671 1255
-810 -792 955
-1925 -1885 309
1593 1633 1290
649 681 829
-771 -760 1021
1980 1990 205
1792 1814 1506
70 87 858
1388 1428 1208
693 710 630
-11 19 1040
1824 1855 1347
-344 -305 1868
331 352 1189
956 991 418
500 523 961
-412 -387 844
-454 -418 1923
1947 1986 919
1263 1266 200
-984 -948 835
-1620 -1604 1769
-88 -83 575
-273 -239 153
1186 1205 1020
-1174 -1134 865
-1218 -1189 660
498 537 1164
-1880 -1873 1541
-344 -323 938
1845 1864 265
-1152 -1149 1474
-569 -531 1605
-1275 -1238 944
1636 1642 312
-604 -591 1356
1525 1565 1710
1791 1811 242
-623 -590 1490
906 924 1230
-326 -291 1769
-229 -212 105
1229 1241 752
1886 1894 766
-1665 -1625 1047
-1685 -1676 541
773 785 1227
43 50 1787
-1519 -1495 1191
-1945 -1911 829
-484 -483 823
-214 -179 653
164 181 1892
1153 1157 1678
1954 1984 97
821 837 1566
1685 1687 168
1429 1455 661
1077 1099 598
-948 -924 1926
-12 28 1276
1253 1257 947
1094 1097 210
-260 -221 1776
-631 -599 107
-647 -640 1368
69 92 1496
-1950 -1936 1309
-1691 -1659 1013
-1646 -1630 213
-1099 -1084 698
1912 1928 966
-794 -755 1350
313 329 632
-1589 -1564 1950
389 405 1352
-1626 -1616 336
-979 -967 979
-118 -102 1819
-1175 -1157 300
1128 1155 1292
-1872 -1833 659
-174 -147 1133
-1141 -1107 1254
315 319 1916
1784 1821 1893
151 153 650
601 611 809
-1777 -1764 241
1300 1327 1471
-722 -720 36
-1143 -1103 1123
1395 1412 1126
-1489 -1464 1837
1422 1433 120
1612 1652 522
-1802 -1774 1052
-1818 -1787 686
-684 -656 1225
-366 -346 562
-178 -162 1902
1133 1172 1978
-1875 -1848 479
7 27 723
-247 -207 1185
-374 -368 323
999 1007 233
-144 -131 1370
465 493 559
-1822 -1789 1404
-1838 -1800 637
1551 1585 82
-934 -931 1464
1324 1336 1554
-970 -966 1906
-1671 -1650 865
-358 -351 1092
-230 -229 970
1222 1245 1177
1359 1396 961
656 685 112
-403 -391 283
1816 1817 441
1992 2000 1422
628 643 1828
969 993 818
119 121 285
-194 -177 500
-1786 -1783 621
1241 1254 173
1421 1448 522
-767 -758 1
1148 1169 238
1357 1386 355
-1062 -1059 961
-467 -440 774
1363 1394 35
-1464 -1463 1554
299 324 1672
993 1004 426
-1830 -1811 1022
-1273 -1243 332
-192 -160 479
-1453 -1436 247
-416 -391 1715
1458 1474 927
107 117 405
-1992 -1975 1654
188 206 817
1696 1712 1674
-1563 -1530 1836
1661 1666 1988
1322 1327 1027
819 820 1211
-924 -907 803
-1779 -1775 787
561 570 1339
1911 1930 1909
425 452 757
-626 -610 1406
757 767 319
1030 1043 511
-1791 -1779 1384
-250 -231 1841
87 116 1015
267 269 189
317 357 1567
1655 1684 556
-1437 -1420 1104
-1874 -1861 379
1809 1839 7
574 584 755
270 281 423
1713 1734 1009
930 964 1116
-51 -36 875
224 227 1988
886 897 643
-825 -796 566
660 686 548
-1604 -1566 1079
162 185 1725
-1326 -1287 89
-938 -936 1808
-298 -266 1624
-178 -155 514
1172 1173 482
54 83 1286
1265 1293 1718
511 544 378
-84 -67 216
296 335 113
-1575 -1557 1646
-35 2 887
413 444 471
-1663 -1652 147
-1435 -1409 1183
1914 1939 1922
-442 -433 862
1911 1942 835
-1759 -1739 1016
995 1035 1036
1559 1592 1114
91 94 1800
-1414 -1403 1667
1303 1328 1290
1919 1924 887
1401 1428 1408
-379 -376 563
-52 -44 89
-1023 -1012 604
-1372 -1345 1194
162 171 1540
-207 -197 383
1278 1290 1915
1083 1104 551
-1664 -1634 27
1649 1665 310
1694 1730 225
-1855 -1821 1603
548 568 1006
-1889 -1869 1451
-1075 -1043 260
-856 -833 1439
905 911 1152
-1247 -1246 280
-1364 -1337 808
258 277 404
-1238 -1209 371
-1791 -1789 1302
372 401 456
-1781 -1780 242
1979 1987 1056
123 141 244
-1133 -1127 328
234 272 994
1553 1582 1646
155 170 1967
1849 1882 581
-1746 -1744 1097
1423 1427 1971
-1647 -1629 1154
-1564 -1528 946
-949 -922 114
685 689 289
-802 -796 750
-621 -597 1257
1901 1928 611
-1700 -1663 1551
-155 -148 1024
623 658 33
432 438 844
315 349 1502
432 447 159
857 862 5
-407 -367 469
-923 -905 1027
-1187 -1179 466
-1199 -1188 865
333 345 35
-1756 -1718 1706
1526 1556 415
1635 1661 393
-1093 -1089 749
-1874 -1867 1667
1958 1969 204
1248 1264 1454
1109 1142 632
-174 -169 827
-714 -684 189
904 944 529
1574 1593 1010
-1083 -1068 1264
-216 -201 26
1030 1064 1229
1416 1418 307
1975 1979 1745
1432 1454 274
-33 -1 1261
-1936 -1934 1045
-1323 -1306 1313
632 636 1445
-645 -644 326
1292 1293 840
-1934 -1929 1385
-1103 -1069 774
-1170 -1154 1527
1512 1517 1266
-794 -758 1822
277 312 679
1043 1058 889
-1861 -1830 1437
-504 -466 1287
1896 1903 1474
-520 -484 418
-862 -822 1834
-1036 -1034 294
1777 1804 68
-1563 -1542 296
-1380 -1361 851
-294 -285 1737
-1548 -1518 467
-218 -184 349
912 938 1094
-776 -773 633
252 256 587
-813 -796 945
-375 -373 1345
-554 -535 558
1613 1628 582
-1169 -1138 1977
753 774 315
1391 1397 168
-1255 -1246 300
-877 -853 535
715 749 297
-1689 -1664 1852
-419 -412 785
-1307 -1282 1148
431 456 1042
53 71 1727
1517 1529 1165
652 674 1116
453 479 1835
-1937 -1913 292
1406 1419 538
-1967 -1954 1294
-306 -274 1327
1255 1288 1758
1437 1448 797
20 23 256
-913 -897 57
697 734 450
276 298 159
-1322 -1308 1585
-1308 -1307 339
126 156 243
-328 -300 1037
-477 -462 432
656 663 575
-1263 -1260 1661
-1249 -1213 186
1621 1639 860
1914 1930 277
-910 -882 1310
1491 1510 25
-457 -444 340
342 375 995
35 51 1219
1323 1350 185
-446 -422 1425
-519 -497 1095
-318 -307 1424
-1081 -1069 1597
1722 1754 1934
1513 1524 1963
-679 -664 1170
-1136 -1128 409
882 892 1136
1616 1636 1564
1288 1327 1709
1689 1726 1497
1209 1229 574
1105 1139 576
-123 -102 455
4 41 406
-997 -971 771
75 115 924
1896 1899 1738
1125 1133 1706
437 465 807
287 317 516
-742 -741 1467
-211 -180 647
-582 -559 1530
-834 -806 1776
1581 1586 1673
338 348 1843
-1751 -1748 1539
1439 1451 1455
-649 -637 269
-1811 -1801 1000
1981 2000 390
-1511 -1509 187
1931 1956 648
910 950 1564
729 741 592
-1440 -1438 41
845 848 337
1933 1963 1331
-1176 -1139 314
-1811 -1782 1042
913 928 706
1897 1922 308
1782 1805 1530
-1412 -1377 1080
-1313 -1300 1101
-1253 -1244 1162
1357 1374 473
174 196 607
1165 1203 1416
568 570 139
-1430 -1396 280
1599 1634 208
-803 -797 1102
-1477 -1463 565
-1659 -1656 1056
-1461 -1424 1846
-688 -649 1519
1903 1906 1646
-1392 -1391 1416
1194 1223 1144
99 116 1393
1294 1319 871
1263 1286 471
1279 1318 520
-102 -97 1494
-1829 -1801 1316
-1540 -1508 1811
1552 1574 654
-1504 -1469 1427
1760 1769 121
-1130 -1128 1659
-1390 -1355 361
-1462 -1434 442
1757 1789 511
-1160 -1123 860
-1584 -1572 321
-368 -350 1768
223 236 1724
1223 1243 865
-1331 -1304 1158
1978 2000 1529
1404 1412 53
-572 -571 306
-69 -53 1740
-1596 -1564 1675
-1434 -1427 445
1888 1905 955
-677 -672 1604
-637 -622 805
1226 1252 1812
-1505 -1475 1462
1425 1446 982
21 42 1035
359 378 1391
-1749 -1741 375
-1687 -1672 1542
-148 -124 1372
491 509 1789
-1411 -1392 1679
1208 1238 203
1939 1961 1519
524 537 1038
216 252 804
1069 1074 689
-171 -134 1530
-1724 -1694 1353
-1747 -1723 1376
554 559 275
1055 1092 1399
-1487 -1484 449
-445 -441 803
-1663 -1658 1865
-1497 -1468 313
-824 -822 1860
-688 -680 530
-1275 -1244 1808
1967 1975 1281
1419 1452 1852
-389 -368 1618
-672 -637 1731
-896 -858 1168
161 171 824
-543 -516 384
-447 -446 473
1654 1679 1787
1571 1600 948
503 515 1991
-1639 -1626 1221
-1643 -1636 370
-43 -25 1554
-787 -776 1122
151 162 897
1737 1740 1877
-1145 -1109 1473
-16 -7 774
1941 1965 1856
-1311 -1284 1724
730 749 1026
1170 1172 370
824 859 629
-772 -735 414
1996 2000 801
-1045 -1017 804
1222 1248 238
-1519 -1494 10
1494 1504 1974
1818 1833 1308
-1116 -1101 645
-571 -561 457
362 377 531
-1433 -1400 463
264 273 1026
-981 -975 1161
-1366 -1335 137
1744 1784 1391
594 625 912
-1690 -1674 31
1939 1966 816
-671 -659 177
-1630 -1613 729
1271 1301 864
1607 1609 807
-1234 -1201 859
-484 -479 439
-938 -926 1867
-529 -524 1420
204 216 102
554 562 1432
-848 -845 360
-1171 -1139 1430
-253 -246 959
578 589 903
17 57 355
1223 1225 1825
218 252 1321
342 345 310
-372 -365 1574
-1902 -1879 103
-1139 -1132 886
902 928 1840
924 943 713
1180 1201 1173
1696 1720 1406
-657 -638 159
-1848 -1814 956
-805 -765 982
-920 -909 1826
1538 1555 1507
-1943 -1928 917
1948 1969 1477
-1525 -1502 898
-137 -129 1900
1149 1177 539
1316 1332 769
-1398 -1367 1018
-1825 -1820 455
-1741 -1723 1037
1237 1239 1584
-1562 -1536 823
894 900 1073
-474 -470 745
-88 -62 398
1271 1293 293
963 968 631
-89 -67 942
1349 1357 305
1386 1404 1987
-1456 -1421 1044
1953 1957 631
-728 -713 226
1843 1861 624
-1388 -1370 367
720 756 165
1561 1571 296
-264 -243 1436
-748 -727 199
-1594 -1592 1077
1710 1717 886
-974 -969 628
1300 1318 614
-1803 -1793 264
-75 -70 153
-66 -53 1266
1879 1899 1856
-559 -526 1691
-1353 -1330 406
-1181 -1144 1411
705 732 741
1810 1843 1082
1990 2000 654
-1685 -1660 86
-1886 -1865 915
1432 1448 1243
1141 1170 981
-533 -498 1963
912 943 1399
1635 1651 1639
103 115 157
941 962 1378
-985 -971 74
-1397 -1368 22
-478 -461 435
-529 -514 566
-56 -33 1986
-1531 -1513 528
-1307 -1270 1455
1738 1768 1783
1474 1502 1047
527 530 621
1100 1134 660
-110 -102 1920
-420 -414 720
-1046 -1044 1048
-848 -832 1400
-290 -251 142
960 976 311
329 354 280
-611 -580 1971
659 677 1000
808 816 1433
-262 -243 44
-183 -148 1254
1361 1401 1620
-1008 -988 1782
739 765 1605
-1711 -1675 938
-1963 -1939 857
-1792 -1776 323
-1378 -1374 507
-302 -277 790
1584 1586 491
-1902 -1862 161
-1562 -1547 1565
1426 1453 965
-1876 -1855 1818
913 928 1994
-473 -447 1228
-414 -406 346
-1876 -1874 1789
924 930 1427
-946 -942 853
-795 -772 1903
629 663 1711
-62 -58 245
-1067 -1052 1775
1253 1268 1752
1938 1940 1944
-962 -947 418
973 1007 1436
815 818 978
-535 -525 985
-430 -424 1451
57 76 461
-473 -446 865
1868 1870 1818
-920 -883 278
-557 -544 1799
1180 1192 1498
-9 30 1292
1034 1068 929
-87 -72 122
990 1006 835
-1679 -1672 1776
-368 -340 934
-912 -895 644
1899 1925 190
-243 -229 98
-1041 -1020 17
-1603 -1595 1980
164 170 1846
469 482 634
1568 1599 561
325 330 1994
693 696 1189
1950 1952 1207
-729 -715 1676
-1911 -1905 1462
650 652 532
1796 1807 284
1624 1651 1460
-1027 -1015 870
-977 -947 1912
-529 -514 919
171 191 1503
395 416 1852
-765 -759 631
286 311 1115
-1429 -1400 882
1433 1471 1782
456 478 1097
1959 1978 142
-861 -839 1645
-773 -768 443
-911 -876 405
1846 1854 695
596 632 1306
-61 -39 1477
1710 1745 835
-1934 -1913 1777
-1736 -1696 227
-1488 -1451 1485
-525 -517 1882
1592 1621 1642
201 220 1724
-1320 -1318 1807
1626 1652 1358
1459 1482 422
-880 -847 850
-1886 -1872 757
1875 1914 1782
-256 -225 1897
-1465 -1435 1750
545 553 1754
-1687 -1680 627
-274 -269 767
1153 1165 1181
-474 -462 83
1674 1686 1853
-1510 -1477 859
1041 1059 493
414 417 1116
-1547 -1530 260
-996 -964 1829
-1416 -1408 1095
-1674 -1650 1088
280 316 1786
1884 1887 1322
1940 1976 1405
-1931 -1913 1654
-1054 -1044 462
1174 1187 1292
667 707 566
1091 1114 993
-882 -868 971
299 307 1125
1295 1301 1018
-1459 -1455 445
-1042 -1032 227
-668 -637 783
-71 -43 1112
1670 1682 1537
-1558 -1528 1941
1682 1693 1411
997 1037 655
1497 1514 163
-720 -705 1323
587 615 1463
-198 -159 1896
-798 -781 517
1077 1112 425
-1343 -1334 1542
716 725 542
-677 -671 1292
1771 1774 146
-1661 -1644 914
172 176 994
1598 1602 681
-1767 -1739 410
621 624 278
-402 -397 1228
857 874 73
89 104 1252
1931 1948 1502
1510 1520 1695
791 811 1086
601 609 69
-1290 -1275 1387
-1195 -1176 751
705 726 910
-1730 -1704 647
378 401 515
1653 1692 952
-3 8 1403
164 169 602
1889 1921 411
-234 -209 1710
-1793 -1757 700
-1811 -1772 1835
485 517 873
-25 6 933
-793 -778 1633
1902 1938 740
-813 -811 402
-1832 -1821 1365
-696 -670 290
-1026 -1025 778
1458 1480 1543
152 163 691
668 675 1191
-1842 -1817 1809
-1793 -1792 1152
1438 1441 1277
1044 1052 1536
-808 -792 1808
1346 1354 655
-880 -843 915
-320 -298 1981
-1528 -1525 591
627 644 1678
280 282 997
1957 1993 1485
-597 -572 1484
1174 1206 528
-1399 -1396 1717
-1436 -1397 701
-1237 -1204 131
66 73 720
1780 1818 197
-589 -580 1041
1233 1249 1059
-151 -142 1234
-477 -439 960
-150 -139 1564
-264 -226 1281
1266 1282 61
1719 1751 798
272 277 967
1744 1769 256
-1888 -1876 596
1503 1527 1701
954 994 679
-49 -13 1456
1252 1274 1339
250 283 500
-443 -433 1470
564 585 677
867 887 1110
421 428 491
-361 -359 1115
-4 26 1742
-703 -702 1987
181 201 301
-1325 -1291 448
905 922 1482
-221 -219 675
114 119 1309
719 747 704
846 856 1441
-791 -754 36
-1222 -1200 466
-1471 -1436 800
-1429 -1411 1982
-212 -174 237
-34 -21 1053
-1226 -1217 1146
-1769 -1746 323
522 523 1917
-1785 -1748 75
-1071 -1056 1353
1161 1170 513
-707 -686 172
1808 1816 1425
-494 -488 109
-118 -108 545
1095 1129 1901
229 258 779
1979 1982 1346
1052 1054 205
-419 -394 503
-1874 -1834 406
1695 1716 654
-873 -834 654
-29 -3 758
1578 1608 1034
487 525 810
883 908 500
1245 1251 1124
1578 1597 824
-685 -669 544
-1549 -1544 864
1367 1387 1157
-1822 -1796 1503
280 310 1181
1813 1819 200
1398 1403 1374
-573 -543 1403
-1431 -1395 1327
-1976 -1936 959
1667 1698 1978
-1494 -1491 1337
383 409 1583
16 53 506
323 324 352
-1826 -1804 314
-251 -218 1953
846 880 1422
985 1021 1126
1485 1508 1607
-627 -605 1715
489 527 416
-1039 -1018 178
1587 1604 54
-1328 -1310 100
-62 -26 824
-1750 -1749 1312
8 14 742
-170 -162 1426
918 931 534
351 378 1407
1605 1606 404
282 309 123
-72 -54 1655
925 956 202
1909 1939 655
-1461 -1452 646
827 832 1627
-510 -504 1691
-160 -121 809
-358 -328 376
432 447 314
-399 -374 1661
89 114 1571
1390 1393 1584
-1886 -1854 1292
-840 -839 1288
-556 -518 836
746 777 1362
-1896 -1862 592
670 677 1402
690 693 175
1030 1032 1679
264 265 1633
362 379 335
-320 -281 438
314 350 1453
1099 1120 1550
1118 1139 303
-1472 -1459 273
-1541 -1533 1715
6 15 472
-881 -880 1086
-1688 -1670 1159
440 465 62
-1878 -1839 1767
1936 1937 1457
1510 1538 831
-80 -48 686
-1334 -1319 1401
311 319 671
1561 1575 1899
166 171 746
-1928 -1925 847
1027 1066 1272
31 51 1401
-1970 -1955 485
1488 1501 839
-1593 -1559 1976
-1635 -1612 1680
-1695 -1680 557
-1428 -1420 330
769 792 647
1683 1698 1466
-1634 -1629 403
209 249 723
-1763 -1761 482
-1330 -1305 445
-268 -267 1103
-629 -592 569
1921 1957 1920
-251 -211 28
-472 -467 1414
1426 1457 1660
-844 -843 1644
770 805 173
-651 -637 162
184 186 1616
879 892 114
-1612 -1605 1880
1496 1523 539
757 780 1648
-1739 -1713 242
351 382 1647
1685 1724 1740
-714 -712 332
-399 -398 976
923 947 359
1331 1345 419
-466 -437 1371
-509 -488 523
1712 1726 1519
-845 -819 1577
1514 1537 1057
-1721 -1689 1530
-51 -14 1847
980 992 1703
-603 -589 910
620 650 527
-1781 -1754 1981
-994 -965 1131
-678 -677 866
-1469 -1444 176
785 812 1001
1072 1089 1248
-262 -258 1559
-193 -176 408
-895 -862 816
1254 1282 1583
-1702 -1680 1555
797 809 1778
868 881 107
-1762 -1724 773
200 228 975
1223 1244 412
24 49 1661
580 613 445
262 293 671
432 441 1923
-1351 -1332 435
1528 1558 435
-1629 -1602 1686
1328 1350 781
1073 1076 1855
1342 1367 1522
152 177 1125
1633 1634 166
-182 -163 197
1036 1057 1941
593 595 1244
602 613 850
-551 -547 1900
703 717 339
1373 1400 617
1746 1760 6
854 857 1152
-763 -730 1321
-1682 -1651 591
1367 1389 225
-492 -478 1897
-1766 -1736 1119
1189 1202 797
1768 1791 791
-1357 -1334 1732
912 927 415
1641 1663 1235
752 791 1596
-1468 -1447 1899
1994 2000 1446
-728 -695 1853
992 1007 1803
659 662 114
316 332 1957
-300 -265 541
-1471 -1467 500
-1016 -979 1605
1637 1671 432
-1698 -1680 713
-1112 -1078 793
243 278 1848
-957 -946 122
-1812 -1780 732
890 922 1720
-227 -210 586
1677 1717 1902
1767 1782 1930
-1030 -994 683
-827 -808 1295
1978 2000 752
-389 -354 287
-643 -637 922
1761 1765 1786
-75 -65 262
115 152 1571
652 662 120
-1983 -1970 42
723 741 1983
276 282 1320
-1917 -1901 806
-620 -603 730
1900 1927 498
1777 1815 1920
219 258 1483
-1861 -1834 1441
-101 -95 1788
1025 1044 1885
1457 1466 91
1771 1791 1022
-1500 -1489 1312
-585 -548 486
922 942 1373
-1634 -1594 74
1386 1419 902
-476 -460 169
-1666 -1636 1435
309 345 621
611 646 1576
-980 -945 1314
-1212 -1183 88
134 147 1569
212 227 918
-1533 -1529 1468
1961 1985 1217
-1358 -1331 1272
826 827 1157
541 552 118
894 906 579
-159 -156 1217
99 108 736
-108 -102 1345
1415 1432 971
467 483 1784
-1542 -1529 261
734 736 1260
58 72 1812
-1295 -1255 966
528 565 1731
-1816 -1779 905
1850 1869 432
799 808 1569
-1098 -1082 1981
1031 1069 268
795 806 406
-354 -343 1391
554 571 1132
684 711 720
-299 -287 1003
1114 1128 401
-968 -944 1509
-1360 -1322 1776
1274 1307 1224
-152 -130 1096
-1614 -1600 119
1371 1400 943
-1389 -1375 90
1480 1502 152
1910 1912 125
1764 1774 1040
1538 1543 1671
-1092 -1057 178
-149 -141 1799
-637 -613 216
1907 1911 965
687 708 635
1241 1250 1798
200 210 1450
-501 -485 1454
956 968 1207
865 890 1948
1543 1574 1907
-666 -649 268
-220 -187 999
-657 -651 519
1371 1398 191
-1838 -1807 215
-1358 -1331 695
1762 1777 1935
251 289 1998
1578 1596 581
1124 1138 359
1447 1463 912
111 119 1238
1285 1290 1244
1378 1386 1528
1580 1602 845
1157 1183 675
-1897 -1876 1688
1057 1094 1007
281 311 663
-1586 -1584 1555
-1587 -1568 1312
1589 1611 1910
1809 1823 1882
-1435 -1433 37
880 882 1777
981 1009 258
-1000 -979 1674
-1355 -1343 1117
-74 -60 1084
-1504 -1492 567
1015 1042 864
1612 1630 1019
-1537 -1511 703
642 646 249
-460 -444 1305
171 195 1380
1954 1991 92
189 210 1651
-1253 -1239 1812
-1060 -1041 1202
-1378 -1340 1613
-859 -842 1749
-688 -675 714
-1018 -1010 1233
1081 1085 1708
-1925 -1896 1402
433 445 131
1118 1126 1849
-1480 -1464 1705
-678 -677 199
430 449 1310
-1068 -1050 1265
-62 -33 506
1098 1104 1360
-1535 -1514 1927
61 62 1417
-77 -73 494
-1113 -1104 694
-936 -908 456
-179 -177 519
-153 -150 1358
1610 1622 1046
666 696 1762
-51 -31 71
1969 1982 757
894 906 1876
1832 1872 508
-534 -495 273
1933 1973 1699
-227 -189 124
805 832 1017
1773 1801 554
1225 1234 1237
-557 -520 1901
-1647 -1638 1952
1671 1683 467
78 90 262
-893 -859 436
1447 1461 588
-1599 -1596 1481
1634 1657 1585
1986 2000 156
158 193 1298
269 292 1428
713 751 36
1255 1268 1513
-1650 -1629 233
-15 -14 871
578 602 689
1960 1978 1878
-1508 -1479 915
-1489 -1473 414
1687 1694 1639
-1390 -1389 1827
-977 -956 1187
1890 1906 1216
214 254 905
224 258 68
-173 -138 1573
-159 -119 1439
626 663 1774
176 186 1264
843 877 223
1833 1842 822
1045 1048 739
1108 1143 572
-1205 -1171 830
320 349 1733
1116 1156 315
269 288 1813
1702 1723 785
-1272 -1251 1308
1814 1831 1746
-1357 -1325 482
-533 -531 120
-1274 -1268 1505
-1642 -1607 452
1381 1414 1793
239 262 415
1959 1996 1448
1616 1654 1508
582 591 1485
1120 1159 1753
-1142 -1119 316
-481 -474 36
254 261 1443
-1629 -1609 1485
-294 -270 1270
-1841 -1812 1024
924 929 198
1805 1816 1602
-787 -785 1669
1525 1541 1915
515 539 148
533 546 1393
991 1020 1590
1838 1843 127
182 206 1516
738 748 1791
-641 -605 835
1504 1519 525
-1607 -1604 1879
-51 -47 1182
-1503 -1466 1775
-415 -386 1384
-1982 -1972 494
-1121 -1103 725
-1869 -1848 131
1768 1779 912
-1664 -1639 902
1385 1392 103
-623 -609 1901
-769 -752 1194
-1637 -1635 1367
1364 1373 659
-998 -969 1973
-1843 -1840 1334
1482 1487 1112
433 469 592
149 154 1257
1403 1434 1764
-300 -264 679
-570 -531 779
1570 1571 1280
-294 -292 697
392 396 1814
1641 1658 285
-98 -81 1611
-1999 -1964 1969
-1067 -1051 1730
-876 -872 6
1558 1561 140
37 69 1639
-1969 -1956 472
405 442 1584
-1059 -1052 1726
-483 -476 1255
-702 -676 1909
-685 -660 1905
803 811 1937
-1974 -1964 1
1964 1985 1586
-383 -365 1694
-1195 -1167 1263
96 101 1141
-1516 -1495 1422
793 808 64
-1467 -1449 1605
-847 -828 1045
-123 -119 111
1343 1345 764
-1305 -1300 1752
1221 1223 1827
1643 1674 486
1636 1649 957
1788 1796 714
-864 -859 1255
-1369 -1357 801
636 671 113
-1425 -1423 1035
-1520 -1511 1642
-924 -892 464
1243 1251 97
-1880 -1848 1890
216 239 271
98 103 1054
280 287 239
-1174 -1156 1288
-266 -241 223
-603 -585 1694
-140 -132 116
-1143 -1120 1968
359 396 139
846 855 13
-715 -712 103
1750 1786 488
-1671 -1646 228
-814 -813 726
-1315 -1299 1384
-1876 -1848 1042
-1584 -1562 344
-1606 -1582 520
-1857 -1831 17
-913 -877 722
575 614 632
1464 1465 893
-1091 -1061 1515
-1380 -1340 112
-424 -397 865
-1650 -1623 1606
1918 1956 1249
44 67 1291
-114 -94 310
-1421 -1382 437
115 126 595
-1973 -1934 1605
-134 -107 1152
1314 1319 1397
1687 1695 452
-62 -41 1710
-569 -566 28
-1579 -1576 1824
1346 1372 1304
-74 -73 1214
1486 1499 979
-1699 -1662 134
-827 -801 1104
1365 1391 1130
1176 1187 1458
-1689 -1676 1348
-399 -359 1237
-513 -501 1225
721 731 1217
-815 -778 279
394 403 834
1754 1776 742
937 964 314
-954 -933 54
996 1016 1548
-788 -757 1457
-1427 -1394 116
-12 1 1508
-505 -480 1303
1047 1077 462
506 542 1457
-840 -831 131
-1487 -1456 1416
-628 -615 853
-92 -65 1970
1804 1833 704
-1042 -1025 1793
682 709 1461
-883 -863 299
-892 -871 1786
795 799 1361
-932 -909 107
268 276 50
-254 -230 475
-16 -13 1772
1175 1193 1323
-1707 -1701 1082
-1743 -1739 1662
816 841 995
417 435 1141
-1403 -1378 1363
-1096 -1086 219
-861 -856 677
1720 1728 1695
-2000 -1981 519
604 613 352
44 45 1341
-444 -422 1580
415 455 1398
1976 1981 1959
462 463 1362
1428 1462 86
-53 -36 1507
1514 1548 1413
738 776 1089
791 793 982
1982 2000 1516
1268 1271 1714
-705 -681 1511
-819 -791 719
1480 1518 1763
934 963 1194
29 41 1346
-1467 -1448 1216
1867 1873 1124
1898 1923 162
-281 -258 1646
519 544 1982
-294 -258 1267
-1781 -1775 107
775 809 1609
418 431 1541
1176 1204 1167
-771 -737 1334
-343 -311 106
-1571 -1539 1084
1590 1603 1803
-1786 -1781 1803
1770 1779 457
-1253 -1251 463
1199 1225 1998
-720 -714 67
-983 -966 962
-1122 -1086 498
-1741 -1730 1078
575 598 1592
1289 1321 1861
476 508 1348
315 339 341
-773 -764 1492
1105 1108 1047
-350 -317 280
1258 1296 1533
-1498 -1488 131
421 430 1702
406 437 1065
-1119 -1094 242
1797 1829 909
194 207 363
1489 1511 367
1507 1536 747
-1733 -1730 211
-1585 -1558 20
1467 1489 483
35 75 113
-1816 -1803 854
1658 1678 1553
1031 1032 153
1870 1907 668
-847 -813 1618
-1353 -1333 1866
1350 1356 452
-1914 -1907 367
1692 1701 1533
-1957 -1922 599
-602 -593 1334
1322 1340 1315
683 689 1493
-986 -968 1087
1462 1483 1798
502 519 624
-159 -123 823
-1578 -1547 1214
-639 -638 1921
-216 -181 1763
-1269 -1243 274
1788 1815 1257
-523 -492 1327
-6 6 40
-1170 -1134 1172
10 16 1551
-557 -526 1343
1647 1668 843
1509 1534 1863
1586 1588 456
-311 -309 1237
-719 -716 167
770 786 439
1636 1649 1469
316 340 289
288 308 1323
-1434 -1411 828
-1500 -1499 1998
989 998 344
1755 1781 1705
-1274 -1249 358
344 369 921
-904 -867 52
-1810 -1789 952
-58 -32 1831
1657 1683 477
722 739 427
761 765 731
1348 1383 833
1790 1800 1695
514 542 136
307 332 1602
-1909 -1898 696
-216 -191 955
1343 1370 646
1711 1751 977
-623 -618 1557
-1186 -1180 1210
-54 -48 1522
-1200 -1192 270
-813 -795 1391
861 896 1957
1676 1694 654
944 961 434
-1958 -1930 1433
1410 1415 652
514 536 952
207 239 1142
306 309 797
547 579 483
-513 -506 1123
1047 1063 1435
1479 1510 937
-849 -843 938
752 773 492
-579 -574 349
-1499 -1495 1216
748 764 1570
-240 -206 1439
-141 -120 147
870 882 1082
-332 -321 940
1985 2000 1760
-1025 -1007 1199
675 699 343
-457 -432 443
-1884 -1875 29
378 384 358
400 431 354
990 1019 420
-904 -873 329
672 701 830
130 148 899
1487 1490 1012
-1483 -1452 546
-1125 -1120 274
-1742 -1714 1851
-432 -424 1045
387 405 715
-1583 -1550 104
1042 1081 286
949 979 1358
1847 1857 560
-40 -22 772
1980 2000 1560
1124 1161 398
-1199 -1190 1511
1116 1123 1192
-1206 -1180 111
-1697 -1692 1121
1034 1072 384
-162 -154 876
898 910 1404
-653 -622 1476
1854 1887 535
179 180 249
-432 -396 1340
-1255 -1219 1863
-1417 -1387 1901
-295 -266 1589
-1683 -1679 82
-399 -363 1729
-609 -594 932
-1598 -1568 1427
1921 1956 947
-1337 -1309 1071
654 679 1889
1571 1573 263
270 294 962
204 223 929
-1201 -1191 1702
44 76 920
1989 2000 1930
-156 -136 82
-417 -386 495
-1644 -1635 1899
-1058 -1052 658
321 344 934
-606 -603 106
-1568 -1537 617
-254 -244 506
208 241 1591
287 300 1020
-470 -434 1217
-1081 -1062 861
1797 1818 1535
-314 -277 555
-737 -706 243
290 291 1160
854 865 1626
1394 1432 148
-1281 -1262 1306
1338 1363 710
437 468 204
63 72 318
-1119 -1114 253
-172 -155 1332
-1066 -1052 1170
1536 1559 294
-1406 -1398 1655
-653 -639 1992
-1830 -1805 1865
1098 1136 1548
1243 1269 1783
421 447 1435
-912 -879 129
-1808 -1793 868
-1735 -1700 275
-119 -82 130
1045 1076 62
1491 1498 529
-1428 -1419 1562
-400 -384 1107
-1932 -1907 908
-280 -265 119
-1981 -1970 326
260 264 978
-979 -942 377
-1908 -1896 1780
-1038 -1014 491
1326 1330 204
-1108 -1081 73
614 654 308
1358 1363 1311
1174 1188 108
-1560 -1537 1047
-204 -198 592
1028 1048 1778
1739 1745 785
1571 1595 1065
1743 1761 621
-1526 -1492 552
675 696 1002
1303 1316 1984
-1363 -1332 1934
-166 -157 655
1816 1823 1955
1157 1176 1633
-805 -777 333
-1458 -1437 196
-1256 -1245 1982
1404 1428 1469
-1060 -1055 1600
1352 1390 395
-459 -455 994
-154 -120 533
-706 -699 998
-1649 -1648 1166
-235 -206 1899
-277 -251 167
475 500 1402
-1077 -1043 38
-17 -8 330
-299 -284 1027
626 649 1751
1991 2000 851
-887 -885 187
1 13 12
-686 -675 1572
1263 1303 1355
-913 -910 1415
-1557 -1531 1128
-366 -365 1548
-183 -154 187
-1383 -1357 1560
1897 1899 1324
-394 -373 1712
1950 1973 262
-1630 -1619 734
-557 -546 467
-905 -867 1037
853 862 1905
-749 -719 812
1223 1241 1152
-1120 -1097 1591
1258 1263 1221
1006 1015 163
773 776 934
-427 -407 259
-883 -851 14
-620 -617 263
-1378 -1340 726
328 354 440
-165 -144 895
136 150 1749
1684 1711 1921
705 732 1524
1437 1473 1380
68 91 33
727 740 643
801 823 1483
-983 -963 1323
1252 1269 900
1273 1300 37
1223 1244 744
903 935 761
-1697 -1682 1711
-1155 -1150 289
-485 -446 1163
598 606 558
448 458 1028
247 274 721
0 15 1223
1244 1282 1606
-961 -954 1465
-211 -190 1549
-1255 -1233 1274
-165 -126 706
1483 1489 1939
-729 -716 1731
-870 -837 712
580 590 537
1140 1156 181
-356 -344 1643
-1697 -1657 1581
-492 -464 28
1123 1131 1407
1658 1680 1613
-1717 -1694 1244
599 604 753
1976 2000 140
744 783 959
1411 1428 70
-374 -361 654
1393 1401 418
1151 1178 1109
-1705 -1696 1474
-608 -594 1814
735 759 402
-640 -614 488
1584 1588 801
558 595 335
-988 -949 14
-1963 -1961 325
-1124 -1111 1892
1108 1138 1340
481 486 4
528 567 410
1252 1254 1562
-1474 -1442 863
-1611 -1574 1940
1403 1413 1979
1926 1934 245
1778 1799 1150
-95 -71 199
840 848 1822
1622 1646 1143
923 957 754
1737 1750 645
-1516 -1503 830
-170 -134 946
-1633 -1598 1847
1529 1562 830
786 787 1291
-1029 -1008 568
1959 1969 1733
1536 1559 1183
1859 1869 1691
-1112 -1088 74
-1753 -1713 360
885 918 656
-794 -772 893
-413 -375 188
-1025 -1017 1356
1887 1910 1536
1072 1082 818
1204 1225 14
1347 1378 1799
-123 -99 1336
-889 -865 1969
267 297 1777
613 648 1808
-1907 -1869 616
1670 1676 942
1897 1912 889
-1159 -1149 534
-1057 -1047 159
-1921 -1911 1314
1842 1879 1962
257 294 774
-1946 -1930 1322
394 410 296
-726 -723 373
-878 -848 1088
-1501 -1482 1056
1528 1557 1667
1968 1982 243
1472 1503 261
1613 1623 1137
-1698 -1694 1817
-1801 -1797 678
-1950 -1916 152
402 424 179
-768 -755 1004
280 290 556
1218 1245 1466
214 216 1378
-1943 -1907 1025
1183 1188 1053
1019 1055 1947
-409 -374 1122
954 957 194
-1751 -1715 923
-378 -345 638
-1094 -1085 1810
-1092 -1075 535
-616 -606 1706
1817 1819 1879
931 934 1684
14 29 334
103 117 217
59 83 1672
-543 -512 1371
-1171 -1169 1406
267 294 690
1980 1994 1656
1911 1949 1211
-1106 -1090 393
-1139 -1130 790
-1828 -1827 1170
-661 -653 1058
1659 1674 1742
-1357 -1318 1334
1946 1968 1013
-1783 -1755 1053
226 230 1432
1779 1811 650
-1089 -1078 1288
289 300 1315
-1501 -1490 1298
288 305 987
580 586 1016
-533 -526 253
477 510 243
1042 1075 1894
-988 -975 1883
1985 2000 894
-1469 -1451 580
-115 -93 1361
-381 -380 1617
-1594 -1590 1025
-252 -245 535
1849 1875 742
-1619 -1586 991
-340 -300 1265
-643 -623 1953
-451 -427 766
394 410 149
346 357 1735
498 518 626
1094 1128 1322
590 601 1017
126 142 789
-1570 -1534 43
-473 -442 733
696 711 617
-129 -91 598
-612 -602 1012
1812 1837 1694
1823 1858 72
1558 1591 1887
-233 -193 211
637 671 1846
1995 2000 1024
-938 -904 1354
673 680 687
227 240 1316
-399 -382 1344
119 159 1316
-1368 -1351 1813
1175 1188 1632
496 533 486
-1844 -1837 1217
539 550 1932
813 834 1220
1819 1835 482
1796 1806 617
-1647 -1644 588
-877 -870 1068
896 912 1753
-676 -670 1008
1803 1836 566
-1613 -1591 1381
820 825 1996
-991 -987 1781
-618 -603 1432
-1576 -1557 712
-883 -872 1242
762 779 1712
-443 -414 1726
1651 1661 883
-960 -938 163
1813 1837 966
493 511 1059
1503 1542 1655
537 558 145
123 161 742
-499 -483 1280
395 397 1719
605 609 1332
-1668 -1662 899
1291 1327 636
1828 1855 1369
373 400 1604
318 331 1095
-107 -106 1459
-1666 -1658 1275
1000 1023 375
143 166 1531
-1198 -1194 1152
-1037 -1032 1714
1031 1054 1955
1127 1148 357
-1474 -1471 194
-1390 -1350 995
-45 -26 1664
411 451 667
-1158 -1131 1150
-123 -90 144
1033 1053 304
-784 -748 1950
825 863 228
932 939 1735
1091 1127 1491
664 677 1328
-1326 -1302 1082
-1201 -1185 569
-644 -639 1764
-157 -151 1463
1922 1935 1320
-785 -761 1470
1510 1534 1219
440 453 1470
-1421 -1418 929
-921 -897 214
1156 1158 30
1138 1147 657
-1843 -1820 1423
1371 1372 1451
1469 1483 932
1043 1070 579
1336 1339 1756
-1436 -1426 1598
1427 1446 1771
-296 -273 1872
-1190 -1179 647
1738 1740 123
371 375 1539
1046 1052 342
108 112 90
-885 -874 854
1593 1607 472
1330 1356 584
811 820 1424
-772 -768 846
-1265 -1235 164
-534 -519 1597
118 157 955
-1105 -1085 1259
1288 1306 1506
756 771 521
-81 -45 981
-802 -776 1281
415 418 1538
-1094 -1076 430
-1582 -1567 929
688 697 619
747 780 861
971 1010 1804
-1942 -1923 104
1636 1649 988
351 366 1751
-220 -198 1681
-229 -203 1579
396 407 1897
1646 1666 839
-868 -851 423
1604 1612 1881
1041 1049 1102
1909 1929 630
1771 1795 1777
-764 -761 1388
-852 -839 981
541 561 1952
266 302 167
-812 -800 1225
-155 -135 463
161 181 158
1696 1718 671
1111 1118 414
-1287 -1282 1835
-1626 -1588 208
-1462 -1458 210
1915 1940 1040
-321 -301 340
-85 -74 1064
1015 1055 1443
-439 -402 506
530 547 1535
-1974 -1959 1962
-596 -591 1459
776 791 1189
563 575 301
-842 -807 1855
1003 1016 948
420 427 207
815 843 102
1860 1896 434
1558 1572 567
612 640 765
1311 1347 1940
450 466 780
300 325 1099
-1697 -1684 905
1884 1888 1041
73 90 1790
237 241 800
-771 -733 465
1988 2000 1236
-1502 -1495 1129
-1751 -1728 1874
1449 1456 998
1340 1342 1130
1640 1653 655
-1545 -1508 678
-1962 -1922 424
699 709 1570
1628 1665 111
-1056 -1039 504
-1513 -1493 1315
-569 -529 1073
1862 1864 1781
-1757 -1755 1350
1779 1809 1818
-554 -541 641
-392 -369 1503
1680 1708 416
1714 1720 1751
1307 1311 775
1985 2000 482
-1009 -974 317
1993 2000 1494
-1267 -1236 1173
-609 -571 1018
-1231 -1203 1669
537 575 1218
-849 -823 477
1502 1513 995
-968 -947 671
829 867 1132
-676 -668 1247
-895 -870 878
1729 1734 1150
-846 -831 169
1721 1734 1197
-485 -455 660
-1162 -1140 1479
1900 1917 1650
-1752 -1745 124
1292 1316 123
1488 1524 382
593 610 1557
-1841 -1833 1640
-355 -325 1802
1063 1065 1427
-512 -503 569
342 378 58
477 505 397
673 708 937
-1431 -1399 1194
-1575 -1545 1057
-736 -703 442
226 235 1757
-1449 -1418 1448
717 743 1125
1175 1181 779
1873 1909 1230
1709 1744 963
1710 1733 1528
-1360 -1356 303
682 692 466
-350 -336 367
-311 -290 489
-792 -772 398
939 948 1787
-870 -869 136
-373 -355 321
-128 -120 1967
1458 1470 1394
-1571 -1563 702
748 771 1999
1086 1098 470
1801 1820 1588
310 318 7
-1597 -1581 908
-201 -191 896
-1219 -1217 1781
821 833 1032
393 432 618
-1985 -1949 1471
-360 -354 1743
958 975 1054
418 447 1790
21 48 1810
-1467 -1442 1129
-899 -896 195
-37 -32 16
-639 -615 1197
-619 -591 390
-723 -695 1644
-301 -286 997
-608 -606 124
1639 1672 1770
-263 -227 1823
-596 -566 1033
-1437 -1400 706
1948 1970 1001
-1678 -1650 842
-823 -811 464
-1526 -1502 1457
-1525 -1519 859
1029 1037 572
-1005 -976 381
1976 2000 853
1938 1965 763
1709 1724 1997
-1188 -1158 140
-969 -961 767
504 505 200
1982 1991 1496
184 211 791
1108 1140 751
-1651 -1625 661
1635 1662 166
964 998 1426
-938 -898 1970
580 617 1792
-1973 -1937 525
1688 1693 444
1072 1076 1582
1308 1325 1760
489 515 109
-599 -591 302
-26 11 1789
-348 -323 119
-1034 -1011 1965
400 428 1599
674 681 1543
517 524 1002
-1918 -1888 355
-1517 -1516 942
1043 1055 206
1529 1531 1008
932 959 296
1569 1571 828
-481 -457 1753
466 467 1054
895 901 160
710 743 1440
-600 -568 1606
-1945 -1905 748
103 123 716
-1316 -1314 1493
1476 1500 1065
-697 -676 1054
1447 1457 337
-827 -826 1084
1484 1515 323
-1741 -1734 69
-883 -857 751
201 210 1496
-1784 -1765 811
-627 -594 172
-488 -453 166
1292 1296 1843
-985 -978 1502
-702 -664 1629
1418 1449 143
1813 1838 1250
972 1010 1313
1515 1544 42
-790 -767 203
1398 1405 1699
-223 -215 481
941 956 81
-181 -142 1174
732 764 581
166 190 1226
-1118 -1106 820
-952 -940 1974
-157 -140 103
-1358 -1326 1287
-328 -292 1221
-897 -873 1938
798 836 619
-1732 -1714 1505
396 423 1049
309 321 1104
-777 -749 294
1796 1822 410
1761 1772 1500
-748 -728 493
694 731 154
955 979 102
-1067 -1054 772
-1918 -1899 1030
1702 1734 831
-1325 -1313 897
-416 -396 138
-845 -844 1585
322 339 522
1007 1045 222
1973 1995 1799
176 188 413
288 316 377
-1528 -1492 370
200 209 697
-1601 -1590 1006
-289 -270 1857
-371 -368 62
-1626 -1593 1654
-1769 -1742 1108
-339 -331 1658
240 263 701
1692 1715 532
1672 1686 1325
628 652 860
-221 -208 811
1756 1786 498
496 516 1228
-277 -256 1950
-790 -763 1899
849 865 1064
-89 -71 169
-727 -695 1405
-998 -995 86
1618 1621 1166
95 127 881
69 84 373
-1721 -1689 871
1993 2000 859
1599 1607 428
-1287 -1262 1120
758 796 425
-1782 -1769 1283
1482 1513 1335
1964 1969 1752
-786 -772 439
1630 1645 1753
-579 -566 785
-656 -654 1296
1558 1593 1778
-1339 -1319 227
850 859 1220
-1372 -1355 592
-985 -961 1831
-584 -550 352
1190 1191 525
-742 -735 531
-892 -876 1308
-1017 -988 33
1872 1886 687
250 270 1568
680 692 1115
-1665 -1638 739
234 273 949
1355 1356 329
-1098 -1065 869
-113 -97 388
670 688 385
1159 1192 323
410 449 295
700 727 1545
-823 -807 371
-1438 -1434 343
1710 1743 1776
922 924 403
1631 1636 1799
981 1009 542
-1195 -1192 1697
-809 -806 563
1977 1987 612
1501 1539 357
-220 -211 1572
-1971 -1962 666
247 260 1102
-206 -195 276
-1559 -1540 1262
471 503 1959
-190 -151 1152
616 625 1501
1437 1472 1468
719 726 1555
-1946 -1915 1649
-205 -194 1547
1580 1595 860
-605 -598 1899
761 792 457
1357 1366 1022
-1558 -1543 19
-1234 -1207 138
472 495 849
15 21 1409
-341 -329 1281
1417 1442 662
-865 -847 1159
-1823 -1820 47
-1924 -1903 491
1140 1162 58
858 879 949
-33 -12 1513
1964 1992 256
-422 -412 339
189 229 592
-1348 -1327 1767
-483 -467 200
-402 -386 332
-298 -282 820
1817 1854 1431
-724 -721 1708
-850 -848 1813
-1765 -1734 845
560 579 99
831 839 1005
1312 1336 1966
206 230 706
1788 1818 1971
-142 -121 1191
688 717 772
1406 1412 648
1221 1247 503
-1605 -1588 1454
-1456 -1451 1727
-325 -306 1532
247 281 1258
-717 -715 1952
657 696 1895
1334 1349 618
193 200 820
1314 1322 625
-1052 -1034 1344
-1632 -1621 855
-461 -441 838
-1689 -1650 1298
486 492 1041
-879 -862 27
29 37 1432
483 514 415
-1256 -1228 1922
1541 1553 1729
1097 1099 1615
1197 1220 567
-357 -336 636
-870 -851 903
-1504 -1499 574
-292 -257 1350
-1362 -1352 996
-235 -230 1526
1510 1535 329
1345 1359 520
-299 -270 1220
409 427 1995
1009 1038 220
-1506 -1497 1552
1926 1962 945
1703 1724 1439
1860 1890 1637
-48 -13 1858
-1135 -1102 1520
-1832 -1796 1463
-551 -519 1532
-1686 -1649 880
1056 1059 249
-1931 -1912 1446
-677 -670 1228
81 87 482
1880 1883 845
175 177 1839
357 382 1008
888 912 206
1405 1407 861
-550 -535 1667
-753 -718 1389
-1696 -1656 825
1046 1068 1875
422 438 1589
31 57 684
626 644 927
1621 1660 95
1305 1307 1197
-1700 -1669 1591
1768 1792 1682
350 378 1027
-1291 -1259 1566
272 295 621
-173 -167 100
968 978 1162
1317 1350 1359
-1401 -1366 412
606 610 1676
-518 -491 1676
-385 -375 653
1840 1876 893
-765 -763 173
727 732 1539
839 863 1892
-663 -656 1492
-374 -358 1836
-732 -725 1360
-114 -103 1173
520 548 1123
600 610 478
-940 -917 351
-1288 -1265 997
139 175 497
-698 -688 1408
-558 -534 880
1269 1273 930
832 855 299
73 92 1153
66 82 1189
-1577 -1559 1547
-1841 -1829 1651
-1425 -1406 126
-1547 -1511 1437
-56 -44 361
-444 -441 1570
904 917 1190
1213 1231 1949
-450 -443 1536
427 435 386
1214 1252 1704
182 185 99
956 987 1089
-24 13 1763
-514 -477 337
364 369 518
331 348 1125
-1395 -1375 578
1671 1674 923
232 241 1803
1632 1645 1672
-1425 -1391 386
766 771 1403
986 1016 1823
-1951 -1924 450
-334 -300 1685
1528 1560 212
897 935 1685
1579 1586 1749
-102 -81 1388
1759 1779 1720
-893 -878 1131
-1588 -1572 190
416 452 3
-1234 -1199 1299
957 965 1879
-231 -197 1476
1220 1225 1779
255 259 1616
-1668 -1635 693
1258 1275 797
679 693 701
1377 1413 786
282 313 1404
616 647 463
395 430 1274
-171 -146 745
1621 1653 394
837 875 1201
831 835 269
-1129 -1121 1766
-1122 -1106 1745
1106 1131 253
-464 -425 1699
429 467 518
-120 -87 1116
-1510 -1502 1392
1700 1719 494
-558 -521 1736
-1638 -1623 22
461 480 85
478 490 1949
319 330 1847
-427 -401 600
612 629 111
-231 -193 1728
-688 -673 1940
-1137 -1126 1024
-1947 -1933 66
-162 -154 1852
1721 1757 1504
-1180 -1145 1468
-494 -461 210
1842 1852 863
809 831 1715
1162 1200 188
-1623 -1596 437
1471 1479 882
93 124 1298
1351 1353 1883
-578 -556 661
1846 1862 238
1050 1079 1482
1180 1205 1091
1267 1304 586
-1488 -1456 975
-1776 -1742 1880
789 824 1007
1700 1722 894
-789 -760 674
444 478 670
-694 -672 631
-301 -294 1803
-1716 -1687 361
-127 -109 1588
-244 -212 549
-255 -246 1051
1760 1789 1337
1774 1806 264
-959 -935 1253
843 850 1032
-335 -318 1834
519 526 1894
-1595 -1584 42
-1867 -1844 1886
304 340 196
-460 -430 1292
102 104 349
-989 -952 1109
-1810 -1796 1435
-202 -190 259
60 65 1985
-1335 -1314 801
1945 1983 1830
-1071 -1057 329
356 396 480
-1605 -1571 675
1329 1343 1936
545 560 1244
82 117 140
-13 1 1399
-136 -121 1960
-283 -262 6
1111 1123 846
-806 -799 753
-1805 -1775 589
-1103 -1093 400
1802 1831 894
362 386 1244
88 126 401
-1745 -1709 474
656 675 1961
-486 -483 56
1413 1415 1457
1612 1618 951
236 239 661
-1258 -1231 1270
-96 -56 853
-826 -815 1741
1918 1944 1421
689 717 980
-1459 -1456 125
-1063 -1058 1495
83 121 1731
-1670 -1647 949
-1077 -1049 1892
-910 -900 1350
813 824 1727
1038 1049 773
1513 1549 608
387 423 769
-1119 -1107 1992
1518 1553 1216
431 460 1994
-1814 -1809 1259
-554 -533 591
250 255 503
-1095 -1073 1442
1627 1630 414
-417 -403 285
-513 -485 235
618 654 1966
-899 -865 1144
-1607 -1581 1688
-1552 -1517 1373
-1601 -1593 1134
1135 1141 195
1073 1101 1662
-79 -74 1078
1035 1046 1568
-1351 -1317 1273
-603 -593 293
1038 1054 1630
867 870 1962
-1639 -1632 1159
-17 11 1162
828 835 1224
-922 -913 129
-1190 -1183 550
1230 1268 1340
-181 -169 1986
330 332 1829
948 963 1248
-214 -208 830
1580 1617 1460
1909 1934 1384
-302 -298 240
-1215 -1199 1388
-1908 -1906 247
-808 -769 87
-1965 -1957 1044
663 684 771
-1754 -1738 1699
965 994 779
73 87 777
1564 1585 1512
-1003 -984 726
-1059 -1057 703
-1083 -1073 1102
1246 1263 1821
865 897 424
1722 1746 847
-1887 -1881 599
-1349 -1313 1019
-261 -247 809
-468 -464 1788
1843 1858 471
-633 -624 473
-1251 -1212 800
1961 1982 1179
607 640 131
1684 1722 957
1901 1936 325
-342 -335 1844
1625 1645 311
-1312 -1290 1040
561 568 1331
-1183 -1159 660
43 54 1050
1822 1855 1614
-1254 -1216 154
1575 1590 1875
-1227 -1213 1874
361 384 320
-287 -248 1461
