872 79
302 412 510
235 241 840
617 826 837
454 565 574
580 580 769
226 228 338
-101 -99 491
-366 -363 612
111 125 419
-324 -265 756
118 122 355
210 270 447
62 63 649
612 671 762
-344 -344 554
80 383 608
325 424 426
159 251 340
83 83 306
225 229 306
-63 -45 673
346 346 593
-276 -270 371
-287 -287 422
715 720 845
514 516 845
-437 -426 851
-313 -307 460
-346 -346 509
-204 -200 303
0 0 298
200 200 422
-539 76 793
421 422 447
-407 -402 733
191 247 653
-393 -361 541
11 13 475
410 411 741
511 511 587
-215 -158 437
394 406 558
-466 -460 573
-185 -30 297
-415 -413 727
18 18 497
454 459 642
270 281 429
-663 -638 810
-191 262 325
-82 -57 434
-530 -523 707
-526 -522 673
385 389 563
119 331 669
-317 -258 587
211 218 522
-684 -664 856
-566 137 594
-2 -1 559
305 320 363
-173 -158 487
-682 -675 829
-597 415 599
-226 -226 394
7 34 767
-85 311 852
-166 -166 450
-749 -723 761
-199 156 365
-505 449 605
352 642 761
-216 -196 866
-789 -784 813
-392 -383 524
-363 -355 405
649 670 695
120 128 616
-346 -330 377
