872 79
-412 -302 510
-241 -235 840
-826 -617 837
-565 -454 574
-580 -580 769
-228 -226 338
99 101 491
363 366 612
-125 -111 419
265 324 756
-122 -118 355
-270 -210 447
-63 -62 649
-671 -612 762
344 344 554
-383 -80 608
-424 -325 426
-251 -159 340
-83 -83 306
-229 -225 306
45 63 673
-346 -346 593
270 276 371
287 287 422
-720 -715 845
-516 -514 845
426 437 851
307 313 460
346 346 509
200 204 303
0 0 298
-200 -200 422
-76 539 793
-422 -421 447
402 407 733
-247 -191 653
361 393 541
-13 -11 475
-411 -410 741
-511 -511 587
158 215 437
-406 -394 558
460 466 573
30 185 297
413 415 727
-18 -18 497
-459 -454 642
-281 -270 429
638 663 810
-262 191 325
57 82 434
523 530 707
522 526 673
-389 -385 563
-331 -119 669
258 317 587
-218 -211 522
664 684 856
-137 566 594
1 2 559
-320 -305 363
158 173 487
675 682 829
-415 597 599
226 226 394
-34 -7 767
-311 85 852
166 166 450
723 749 761
-156 199 365
-449 505 605
-642 -352 761
196 216 866
784 789 813
383 392 524
355 363 405
-670 -649 695
-128 -120 616
330 346 377
