197 57
-111 -110 167
-71 -39 83
61 91 99
-129 -120 158
-10 -3 88
-55 -54 77
-77 -77 162
-103 -101 109
70 78 168
-119 -119 156
-48 -44 86
18 20 181
-61 -32 76
1 1 112
-57 -57 125
-73 51 73
13 70 108
4 6 92
-148 -147 186
-37 -37 74
-58 -44 95
84 140 141
119 121 122
-155 -143 192
-85 -54 159
-44 -35 127
9 9 94
-16 -3 139
45 46 93
-8 101 177
-8 -8 159
-163 -75 172
4 4 90
122 124 129
29 71 188
-63 -48 75
178 178 196
-56 -56 155
99 101 175
-113 -111 122
13 31 151
-64 -13 133
15 40 96
-41 -39 142
36 44 175
-18 -17 92
-66 -66 147
81 89 176
-31 -31 95
-94 99 132
37 39 71
-76 -51 118
-38 -31 141
-64 -49 74
49 60 104
0 0 65
-38 -24 79
