589 63
384 384 434
-85 -80 259
149 164 235
-218 -215 461
45 52 276
-246 -120 587
-45 -34 538
-139 -135 211
-181 -105 517
85 132 208
-189 -186 582
-146 -136 407
229 230 274
68 68 301
-299 -297 299
105 192 360
-258 -235 407
-170 -170 267
373 376 528
32 49 384
74 236 393
517 548 567
-439 -197 527
69 71 474
-299 -225 301
-91 -47 538
-443 -384 465
-46 -45 403
12 13 335
-14 -14 449
-183 -179 199
-360 -347 389
237 238 354
94 153 302
-217 -195 414
-137 -137 512
120 122 267
199 208 212
-98 -97 548
-221 -221 242
252 253 358
-295 -215 329
257 260 262
25 28 451
4 66 256
-140 -139 248
7 23 484
235 235 485
156 163 240
157 167 318
-11 -8 253
17 18 473
341 454 532
-112 13 368
-289 -289 315
-32 -18 363
-242 70 492
75 75 379
-60 -59 483
29 74 540
-162 -95 265
-125 -121 575
70 70 225
