197 57
110 111 167
39 71 83
-91 -61 99
120 129 158
3 10 88
54 55 77
77 77 162
101 103 109
-78 -70 168
119 119 156
44 48 86
-20 -18 181
32 61 76
-1 -1 112
57 57 125
-51 73 73
-70 -13 108
-6 -4 92
147 148 186
37 37 74
44 58 95
-140 -84 141
-121 -119 122
143 155 192
54 85 159
35 44 127
-9 -9 94
3 16 139
-46 -45 93
-101 8 177
8 8 159
75 163 172
-4 -4 90
-124 -122 129
-71 -29 188
48 63 75
-178 -178 196
56 56 155
-101 -99 175
111 113 122
-31 -13 151
13 64 133
-40 -15 96
39 41 142
-44 -36 175
17 18 92
66 66 147
-89 -81 176
31 31 95
-99 94 132
-39 -37 71
51 76 118
31 38 141
49 64 74
-60 -49 104
0 0 65
24 38 79
