589 63
-384 -384 434
80 85 259
-164 -149 235
215 218 461
-52 -45 276
120 246 587
34 45 538
135 139 211
105 181 517
-132 -85 208
186 189 582
136 146 407
-230 -229 274
-68 -68 301
297 299 299
-192 -105 360
235 258 407
170 170 267
-376 -373 528
-49 -32 384
-236 -74 393
-548 -517 567
197 439 527
-71 -69 474
225 299 301
47 91 538
384 443 465
45 46 403
-13 -12 335
14 14 449
179 183 199
347 360 389
-238 -237 354
-153 -94 302
195 217 414
137 137 512
-122 -120 267
-208 -199 212
97 98 548
221 221 242
-253 -252 358
215 295 329
-260 -257 262
-28 -25 451
-66 -4 256
139 140 248
-23 -7 484
-235 -235 485
-163 -156 240
-167 -157 318
8 11 253
-18 -17 473
-454 -341 532
-13 112 368
289 289 315
18 32 363
-70 242 492
-75 -75 379
59 60 483
-74 -29 540
95 162 265
121 125 575
-70 -70 225
