287 71
126 127 143
-172 -168 247
42 114 149
68 68 111
100 100 163
157 157 186
2 30 170
82 133 247
127 131 199
179 187 238
-112 -112 199
23 23 185
132 139 186
46 52 123
35 35 139
213 217 257
-12 42 188
68 90 136
-187 -187 229
-46 -42 102
-56 -16 108
-127 -126 181
-183 -88 185
117 173 194
11 73 126
-8 -8 112
-82 33 184
26 34 202
-190 -185 202
-92 -27 160
-27 -26 251
38 40 139
33 81 212
-107 -101 188
-8 21 237
-69 -45 127
146 148 267
200 200 258
117 127 240
116 120 123
20 36 204
69 69 163
-89 109 246
-127 -8 207
87 87 127
176 177 261
-15 -14 132
-23 -23 112
47 52 266
-27 81 191
-43 10 194
-60 -58 97
-56 24 104
-201 -51 225
-87 -64 173
-34 -1 154
170 170 256
-1 250 250
-98 9 223
171 176 205
10 13 102
-152 -114 220
252 254 263
-197 -194 201
-142 -96 219
-140 113 236
26 26 118
-62 37 253
80 81 179
-29 -26 120
-159 -159 198
