287 71
-127 -126 143
168 172 247
-114 -42 149
-68 -68 111
-100 -100 163
-157 -157 186
-30 -2 170
-133 -82 247
-131 -127 199
-187 -179 238
112 112 199
-23 -23 185
-139 -132 186
-52 -46 123
-35 -35 139
-217 -213 257
-42 12 188
-90 -68 136
187 187 229
42 46 102
16 56 108
126 127 181
88 183 185
-173 -117 194
-73 -11 126
8 8 112
-33 82 184
-34 -26 202
185 190 202
27 92 160
26 27 251
-40 -38 139
-81 -33 212
101 107 188
-21 8 237
45 69 127
-148 -146 267
-200 -200 258
-127 -117 240
-120 -116 123
-36 -20 204
-69 -69 163
-109 89 246
8 127 207
-87 -87 127
-177 -176 261
14 15 132
23 23 112
-52 -47 266
-81 27 191
-10 43 194
58 60 97
-24 56 104
51 201 225
64 87 173
1 34 154
-170 -170 256
-250 1 250
-9 98 223
-176 -171 205
-13 -10 102
114 152 220
-254 -252 263
194 197 201
96 142 219
-113 140 236
-26 -26 118
-37 62 253
-81 -80 179
26 29 120
159 159 198
